gama_workspace/LASCAR/external/laBouderie/data/mnt.asc
ncols         188
nrows         240
xllcorner     430473.22493409
yllcorner     6901379.7228504
cellsize      10
NODATA_value  -9999
[rows 140 to 167 of 240, columns 0 to 62 of 188]
123.4694 123.4286 123.3673 123.3061 123.2245 123.1225 123.0408 123.0204 122.9796 122.9592 122.8775 122.7755 122.6735 122.5714 122.4694 122.3673 122.2449 122.1633 122.0408 121.9796 121.9388 121.898 121.8571 121.7959 121.7551 121.6939 121.6327 121.551 121.449 121.3673 121.3061 121.2041 121.102 120.898 120.7755 120.6327 120.5102 120.3878 120.2449 120.1429 120 119.8775 119.8163 119.7143 119.6327 119.5102 119.3878 119.3061 119.2041 119.1429 119.0612 119 119 119 119 119 119 119 119 119 119 119 118.9592
123.6327 123.5714 123.5102 123.449 123.3878 123.3265 123.2653 123.2245 123.2041 123.1633 123.102 122.9796 122.8367 122.6939 122.6122 122.5102 122.4286 122.3265 122.2449 122.1633 122.1225 122.0816 122.0204 121.9592 121.8775 121.8367 121.7551 121.6735 121.5918 121.5102 121.4286 121.3469 121.2449 121.102 120.9184 120.7755 120.6735 120.551 120.449 120.3673 120.2653 120.1225 120.0204 119.9388 119.7959 119.6531 119.5714 119.4898 119.4286 119.3673 119.3061 119.2857 119.2653 119.2653 119.2653 119.2653 119.2653 119.2653 119.2653 119.2653 119.2653 119.2653 119.2449
123.7755 123.7143 123.6531 123.5918 123.5306 123.4694 123.4286 123.3878 123.3469 123.3061 123.2449 123.1429 123.0204 122.8775 122.7755 122.6939 122.6327 122.5306 122.4082 122.3265 122.2449 122.2041 122.1429 122.0816 122 121.9388 121.8775 121.7959 121.7143 121.6531 121.551 121.4694 121.3469 121.2449 121.1225 120.9388 120.7959 120.7143 120.6122 120.5306 120.4286 120.3061 120.2041 120.102 120 119.8571 119.7347 119.6735 119.6122 119.551 119.5102 119.5102 119.5102 119.5306 119.5306 119.5306 119.5306 119.5306 119.5306 119.5306 119.5102 119.4898 119.4694
123.9184 123.8571 123.7959 123.7347 123.6735 123.6327 123.5714 123.551 123.5102 123.449 123.3878 123.3469 123.2653 123.1429 123.0204 122.9388 122.8367 122.7551 122.6122 122.4898 122.4082 122.3469 122.2857 122.2041 122.1225 122.0612 122 121.9184 121.8571 121.7755 121.6939 121.5714 121.4694 121.3878 121.3061 121.1837 121.0204 120.898 120.7959 120.6939 120.5714 120.4694 120.3878 120.3265 120.2653 120.1429 120 119.898 119.8163 119.7755 119.7551 119.7551 119.7959 119.8367 119.8571 119.8571 119.8571 119.8571 119.8571 119.8367 119.8163 119.7755 119.7347
123.9796 123.9388 123.8775 123.8367 123.7959 123.7551 123.7347 123.6939 123.6531 123.5918 123.5306 123.4898 123.449 123.3673 123.2653 123.1633 123.0816 122.9592 122.8367 122.6939 122.5714 122.4898 122.4082 122.3265 122.2449 122.1633 122.1225 122.0408 121.9796 121.898 121.7959 121.6939 121.5918 121.5306 121.449 121.3469 121.2041 121.0612 120.9796 120.8775 120.7143 120.6122 120.551 120.5102 120.4286 120.3469 120.2041 120.0612 120.0408 120.0204 119.9796 120 120.0612 120.102 120.1429 120.1429 120.1429 120.1429 120.1429 120.1225 120.0816 120.0408 119.9796
124 123.9796 123.9592 123.9184 123.898 123.8775 123.8775 123.8571 123.7959 123.7347 123.6939 123.6531 123.6122 123.551 123.4898 123.3878 123.3061 123.2245 123.0816 122.9592 122.8163 122.6531 122.551 122.449 122.3673 122.3061 122.2449 122.2041 122.1225 122.0612 121.9388 121.8163 121.7347 121.6531 121.5918 121.4898 121.3673 121.2857 121.1633 121.0816 120.9388 120.7755 120.7143 120.6531 120.5918 120.4898 120.3673 120.3265 120.2857 120.2857 120.2857 120.2857 120.3469 120.4082 120.449 120.4694 120.4694 120.4694 120.449 120.4286 120.3878 120.3265 120.2653
124 124 124 123.9796 123.9796 123.9592 123.9592 123.9796 123.9388 123.8775 123.8163 123.7755 123.7347 123.7143 123.6531 123.5918 123.5306 123.4694 123.3469 123.1837 123.0408 122.8775 122.7143 122.5918 122.5102 122.449 122.4082 122.3265 122.2653 122.1837 122.1225 122 121.8775 121.7959 121.7143 121.6122 121.5306 121.449 121.3673 121.2857 121.1633 121.0204 120.8775 120.7959 120.7143 120.6122 120.5306 120.5306 120.5306 120.551 120.551 120.5714 120.5918 120.6531 120.6939 120.7347 120.7347 120.7347 120.7347 120.6939 120.6531 120.5918 120.5102
123.9796 123.9796 123.9796 123.9592 123.9388 123.9388 123.9388 123.9388 123.9796 123.9592 123.898 123.8775 123.8571 123.8367 123.7959 123.7347 123.6939 123.6327 123.5306 123.3878 123.2245 123.0816 122.9184 122.7551 122.6531 122.5918 122.551 122.4694 122.3878 122.3265 122.2449 122.1429 122.0408 121.9184 121.8163 121.7347 121.6735 121.5918 121.5102 121.4286 121.3061 121.1633 121.0408 120.9388 120.8367 120.7755 120.7551 120.7347 120.7755 120.8163 120.7959 120.7959 120.8163 120.8775 120.9388 120.9592 120.9796 121 121 120.9796 120.898 120.8163 120.7347
123.8775 123.8775 123.8571 123.8367 123.8367 123.8367 123.8571 123.8775 123.9184 123.9592 123.9796 123.9388 123.9388 123.9388 123.9388 123.898 123.8367 123.7551 123.6531 123.5306 123.4082 123.2653 123.1429 122.9796 122.8367 122.7551 122.6735 122.6122 122.5306 122.449 122.3878 122.3061 122.2041 122.0612 121.9796 121.8775 121.7959 121.7347 121.6531 121.5306 121.4286 121.3265 121.2449 121.1429 121.102 121.0408 121 121 121.0204 121.0204 121.0408 121.0408 121.102 121.1633 121.1837 121.1837 121.2041 121.2245 121.2449 121.2245 121.1633 121.0612 120.9592
123.7143 123.7143 123.6939 123.6735 123.6735 123.7143 123.7551 123.7959 123.8367 123.898 123.9796 124 123.9796 123.9796 124 123.9796 123.9388 123.8367 123.7551 123.6531 123.5306 123.4082 123.2857 123.1633 123.0204 122.898 122.8367 122.7551 122.6735 122.5918 122.5102 122.4082 122.3061 122.2041 122.102 122 121.9592 121.8571 121.7551 121.6531 121.551 121.4694 121.4082 121.3469 121.3061 121.2653 121.2653 121.2449 121.2449 121.2449 121.2449 121.2653 121.3061 121.3469 121.3469 121.3469 121.3673 121.3878 121.4082 121.3878 121.3469 121.2449 121.1225
123.4694 123.449 123.4286 123.449 123.4694 123.5306 123.6122 123.6735 123.7347 123.7959 123.8775 123.9796 124 124 124 124 123.9796 123.9388 123.8367 123.7551 123.6327 123.5306 123.4286 123.3265 123.2245 123.1225 123.0204 122.9592 122.8367 122.7551 122.6327 122.5306 122.4286 122.3265 122.2449 122.1837 122.0816 122.0204 121.8775 121.7755 121.6735 121.6122 121.551 121.5102 121.4898 121.4898 121.4694 121.4694 121.449 121.449 121.449 121.5102 121.5306 121.5306 121.5306 121.5306 121.5306 121.551 121.551 121.551 121.4898 121.4286 121.3469
123.1225 123.1429 123.1429 123.1225 123.2041 123.2857 123.3673 123.4898 123.5918 123.6939 123.7959 123.8775 123.9592 124 124 124 124 124 123.9388 123.8571 123.7551 123.6531 123.551 123.4694 123.3878 123.3061 123.2041 123.1429 123.0612 122.9184 122.7755 122.6735 122.551 122.4694 122.3878 122.3061 122.2245 122.1633 122.0612 121.9388 121.8367 121.7551 121.7143 121.6735 121.6327 121.6531 121.6735 121.6939 121.6939 121.6735 121.7143 121.6939 121.6939 121.6939 121.6735 121.6939 121.7143 121.7347 121.7551 121.6939 121.6327 121.5714 121.5306
122.7347 122.7755 122.7959 122.8367 122.898 123.0204 123.1429 123.2653 123.4286 123.5714 123.6939 123.7959 123.8775 123.9592 124 124 124 124 124 123.9388 123.8367 123.7551 123.6735 123.5918 123.5306 123.4286 123.3469 123.2653 123.2041 123.102 122.9388 122.7959 122.7143 122.6122 122.5306 122.4286 122.3469 122.2653 122.2041 122.102 122 121.9184 121.8775 121.8571 121.8775 121.8775 121.898 121.9184 121.9388 121.9388 121.9388 121.9184 121.9184 121.9184 121.9184 121.9184 121.9388 121.9592 121.9592 121.898 121.8367 121.7755 121.7347
122.2245 122.3061 122.3673 122.449 122.5306 122.6531 122.8367 123.0204 123.2245 123.4286 123.5714 123.6939 123.7755 123.8775 123.9592 124 124 124 124 124 123.9388 123.8571 123.7959 123.7347 123.6531 123.5714 123.4694 123.4082 123.3673 123.3061 123.1837 123.0204 122.898 122.7959 122.6939 122.5714 122.4694 122.4082 122.3469 122.3061 122.2449 122.1429 122.102 122.102 122.102 122.1429 122.1429 122.1633 122.2041 122.2245 122.2041 122.1633 122.1429 122.1633 122.1633 122.1837 122.1837 122.1837 122.1837 122.1837 122.1225 122.0612 121.9796
121.6327 121.7347 121.898 122.0408 122.1837 122.3469 122.5306 122.8163 123.0408 123.2245 123.449 123.5918 123.6939 123.8163 123.898 123.9796 124 124 124 124 123.9796 123.9388 123.8775 123.8367 123.7755 123.6939 123.6122 123.551 123.5102 123.449 123.3469 123.2041 123.0612 122.9796 122.8775 122.7347 122.6327 122.5714 122.5102 122.4694 122.4082 122.3469 122.3061 122.3265 122.3469 122.3673 122.3469 122.3673 122.3878 122.3878 122.3878 122.3673 122.3469 122.3673 122.3673 122.3878 122.3673 122.3469 122.3469 122.3469 122.3265 122.2857 122.1837
121.0408 121.1837 121.3265 121.5714 121.7755 122.0204 122.2653 122.4898 122.8163 123.0408 123.2449 123.4694 123.6122 123.7551 123.8571 123.9388 124 124 124 124 124 123.9796 123.9592 123.9184 123.898 123.8163 123.7551 123.7143 123.6531 123.5918 123.4898 123.3673 123.2857 123.1837 123.1225 123 122.8775 122.8163 122.7551 122.6939 122.6122 122.5306 122.5102 122.5102 122.5306 122.5306 122.551 122.551 122.551 122.5714 122.551 122.551 122.551 122.551 122.5714 122.551 122.5306 122.5102 122.5102 122.5306 122.5306 122.4898 122.4286
120.3878 120.551 120.7347 121 121.3265 121.6327 121.9184 122.1837 122.4898 122.7959 123.0612 123.2857 123.5102 123.6735 123.8163 123.9184 123.9796 124 124 124 124 124 124.0204 124 124 123.9796 123.9184 123.8367 123.7959 123.7143 123.6122 123.5306 123.4694 123.4082 123.3673 123.2857 123.1837 123.0816 123 122.9184 122.8367 122.7551 122.6939 122.6735 122.6939 122.7347 122.7143 122.7143 122.7347 122.7143 122.7347 122.7143 122.7143 122.7347 122.7143 122.7347 122.7143 122.6939 122.6939 122.6735 122.6735 122.6531 122.6122
119.6939 119.8571 120.1225 120.4286 120.7755 121.1633 121.5102 121.8775 122.1837 122.4694 122.8571 123.1225 123.3469 123.5714 123.7347 123.8775 123.9796 124 124 124 124.0204 124.0612 124.0816 124.102 124.1225 124.102 124.0408 123.9796 123.898 123.8163 123.7347 123.6735 123.6122 123.5714 123.5306 123.4694 123.3878 123.3061 123.2041 123.1429 123.0612 122.9796 122.9184 122.898 122.898 122.9388 122.9388 122.9388 122.9592 122.9592 122.9592 122.9388 122.9388 122.9592 122.9592 122.9592 122.9388 122.9184 122.898 122.8775 122.8367 122.8163 122.7551
118.9388 119.1633 119.449 119.8367 120.1429 120.5714 121.0612 121.4694 121.8367 122.2041 122.5306 122.9184 123.1633 123.4082 123.6327 123.8163 123.9388 124 124 124.0408 124.102 124.1429 124.1837 124.2245 124.2245 124.2245 124.1837 124.1225 124.0204 123.9796 123.8775 123.8163 123.7755 123.7347 123.6735 123.6327 123.5714 123.5306 123.449 123.3673 123.3061 123.2449 123.2041 123.1837 123.1633 123.1633 123.1633 123.1837 123.2041 123.2041 123.2041 123.1837 123.1837 123.2041 123.2041 123.2041 123.1837 123.1633 123.1225 123.0612 123.0204 122.9592 122.9184
118.2041 118.449 118.7551 119.0816 119.5102 119.9796 120.4898 121.0204 121.449 121.8367 122.2653 122.6531 122.9796 123.2857 123.5102 123.7551 123.898 123.9796 124.0408 124.102 124.1837 124.2449 124.3061 124.3469 124.3673 124.3469 124.2857 124.2245 124.1633 124.0816 124 123.9592 123.898 123.8571 123.8163 123.7755 123.7551 123.7143 123.6735 123.5918 123.5102 123.449 123.4286 123.3878 123.3469 123.3469 123.3469 123.3673 123.3878 123.3673 123.3878 123.3673 123.3673 123.3878 123.3673 123.3878 123.3673 123.3265 123.3061 123.2245 123.1633 123.102 123.0612
117.551 117.7755 118.0816 118.3878 118.8163 119.3878 119.9592 120.449 121.0204 121.4694 121.9592 122.3878 122.7755 123.1633 123.4286 123.6735 123.8571 123.9592 124.102 124.1837 124.2653 124.3673 124.449 124.4898 124.5102 124.4694 124.4286 124.3673 124.3061 124.2449 124.1837 124.102 124.0816 124.0408 124.0204 124 124 123.9796 123.898 123.8163 123.7347 123.6531 123.5918 123.551 123.5306 123.5102 123.5102 123.5306 123.551 123.5714 123.551 123.551 123.551 123.551 123.5714 123.551 123.5306 123.4898 123.4286 123.3878 123.3265 123.2653 123.2449
116.9592 117.1837 117.4082 117.7755 118.2041 118.7551 119.3878 119.9592 120.5306 121.0816 121.6122 122.1633 122.6122 123.0204 123.3469 123.6122 123.7959 123.9796 124.102 124.2245 124.3265 124.449 124.551 124.6531 124.6531 124.6327 124.5714 124.5102 124.449 124.3878 124.3265 124.2857 124.2653 124.2449 124.2449 124.2449 124.2449 124.2245 124.1633 124.0612 123.9592 123.8571 123.7551 123.6939 123.6939 123.6939 123.6939 123.6939 123.7143 123.7143 123.7143 123.6939 123.6939 123.7143 123.7143 123.7143 123.6735 123.6327 123.5918 123.5306 123.4694 123.4082 123.3878
116.4286 116.6327 116.8571 117.1837 117.5918 118.1837 118.7959 119.4694 120.102 120.7143 121.3265 121.9184 122.4286 122.9184 123.2449 123.551 123.7755 123.9592 124.1225 124.2653 124.3878 124.5306 124.6531 124.7755 124.8163 124.7755 124.7143 124.6531 124.5918 124.5306 124.4694 124.4286 124.4082 124.4082 124.4082 124.4082 124.4082 124.3878 124.3469 124.2653 124.1429 124.0408 123.9796 123.9184 123.898 123.898 123.898 123.898 123.8775 123.8571 123.8571 123.8367 123.8367 123.8571 123.8571 123.8571 123.8367 123.7755 123.7347 123.6735 123.6122 123.5714 123.5306
115.9796 116.1225 116.3673 116.6939 117.1225 117.6531 118.3061 119 119.7551 120.4082 121.102 121.7347 122.2857 122.7959 123.1837 123.4694 123.7551 123.9388 124.1429 124.2857 124.449 124.5918 124.7347 124.8775 124.9796 124.9184 124.8571 124.7959 124.7347 124.6735 124.6327 124.5918 124.5918 124.5918 124.5918 124.5918 124.5714 124.551 124.5102 124.449 124.3673 124.2857 124.2245 124.1837 124.1225 124.1225 124.1225 124.102 124.0408 124 123.9592 123.9592 123.9592 123.9592 123.9592 123.9592 123.9592 123.9388 123.8775 123.8163 123.7551 123.6939 123.6735
115.5918 115.7755 115.9796 116.2857 116.6939 117.2449 117.898 118.6327 119.449 120.2245 120.9388 121.551 122.1837 122.6939 123.1225 123.4286 123.6735 123.898 124.1633 124.3265 124.4898 124.6327 124.7959 124.9184 124.9796 124.9796 124.9388 124.8775 124.8367 124.8163 124.7755 124.7551 124.7551 124.7551 124.7551 124.7551 124.7551 124.7143 124.6531 124.5918 124.5306 124.4898 124.4286 124.3878 124.3469 124.3061 124.2653 124.2245 124.1633 124.0816 124.0408 124.0204 124.0204 124.0204 124 124.0204 124.0204 124.0204 123.9796 123.9184 123.8775 123.8367 123.8163
115.2245 115.4082 115.6122 115.9592 116.3469 116.9184 117.551 118.3673 119.2245 120.0204 120.7959 121.4694 122.0612 122.6327 123.0612 123.3673 123.6122 123.8367 124.1225 124.3265 124.5102 124.6735 124.8163 124.9184 124.9796 125 124.9796 124.9796 124.9796 124.9796 124.9796 125 125 125 125 125 124.9796 124.9388 124.8367 124.7551 124.6939 124.6531 124.6122 124.551 124.5102 124.449 124.3878 124.3469 124.3061 124.2449 124.1837 124.1225 124.1225 124.1225 124.1225 124.1225 124.1225 124.1225 124.1225 124.102 124.0612 124.0408 124.0408
114.9796 115.102 115.3265 115.6531 116.0612 116.6531 117.3673 118.1837 119.0816 119.9184 120.6531 121.3673 121.9796 122.5306 122.9388 123.2857 123.551 123.7755 124.0612 124.2857 124.5102 124.6735 124.8163 124.9184 124.9796 125 125.0408 125.102 125.1225 125.1633 125.2041 125.2245 125.2449 125.2449 125.2449 125.2245 125.1837 125.1429 125.0612 124.9388 124.8571 124.7959 124.7347 124.7143 124.6531 124.5918 124.551 124.5102 124.449 124.3878 124.3265 124.2857 124.2653 124.2653 124.2653 124.2653 124.2653 124.2653 124.2653 124.2653 124.2653 124.2449 124.2857
114.6939 114.8571 115.0612 115.4082 115.8775 116.4694 117.2245 118.0816 118.9388 119.7551 120.551 121.2653 121.8775 122.4286 122.7959 123.1837 123.4898 123.7347 124 124.2245 124.4898 124.6735 124.8163 124.9388 125 125.0408 125.1225 125.1837 125.2449 125.3061 125.3469 125.3878 125.4082 125.4082 125.4082 125.3673 125.3265 125.2653 125.2245 125.1429 125.0204 124.9388 124.9184 124.8571 124.7959 124.7347 124.6939 124.6531 124.5918 124.5306 124.4694 124.4286 124.4082 124.4082 124.4082 124.4082 124.4082 124.4082 124.4082 124.4082 124.4082 124.4286 124.449
