gama_workspace/LASCAR/external/laBouderie/data/mnt.asc
ncols         188
nrows         240
xllcorner     430473.22493409
yllcorner     6901379.7228504
cellsize      10
NODATA_value  -9999
[rows 0 to 27 of 240, columns 63 to 125 of 188]
94.91837 94.85714 94.79592 94.7347 94.67347 94.61224 94.55102 94.53061 94.55102 94.63265 94.7347 94.83673 94.91837 94.97959 95.04082 95.08163 95.10204 95.06123 94.95918 94.87755 94.85714 94.83673 94.91837 95.02041 95.12245 95.22449 95.30612 95.34694 95.40816 95.42857 95.4898 95.5102 95.5102 95.4898 95.44898 95.38776 95.32653 95.18367 95.04082 94.85714 94.63265 94.4898 94.36735 94.2449 94.16327 94.06123 93.97959 93.81633 93.69388 93.57143 93.42857 93.30612 93.18367 93.02041 92.91837 92.81633 92.69388 92.55102 92.40816 92.2653 92.10204 92.02041 91.93877
94.95918 94.91837 94.87755 94.83673 94.83673 94.79592 94.79592 94.83673 94.85714 94.93877 95.04082 95.14286 95.2653 95.36735 95.46939 95.53061 95.4898 95.42857 95.32653 95.2653 95.20408 95.20408 95.2653 95.32653 95.38776 95.4898 95.55102 95.61224 95.65306 95.67347 95.67347 95.67347 95.67347 95.63265 95.59184 95.55102 95.5102 95.42857 95.22449 95.04082 94.85714 94.65306 94.4898 94.34694 94.2449 94.16327 94.04082 93.91837 93.77551 93.65306 93.53061 93.38776 93.2449 93.08163 92.95918 92.83673 92.7347 92.61224 92.44898 92.30612 92.14286 92.06123 92
95.04082 95 95.02041 95.02041 95.02041 95.02041 95.06123 95.10204 95.16327 95.20408 95.30612 95.40816 95.53061 95.67347 95.77551 95.83673 95.83673 95.71429 95.61224 95.53061 95.46939 95.46939 95.4898 95.55102 95.61224 95.65306 95.71429 95.77551 95.81633 95.83673 95.81633 95.81633 95.81633 95.79592 95.7347 95.69388 95.65306 95.57143 95.42857 95.22449 95.02041 94.85714 94.63265 94.46939 94.34694 94.2449 94.14286 93.97959 93.83673 93.7347 93.59184 93.44898 93.28571 93.16327 93.02041 92.87755 92.77551 92.65306 92.4898 92.34694 92.20408 92.12245 92.04082
95.12245 95.16327 95.22449 95.2449 95.28571 95.30612 95.34694 95.40816 95.44898 95.4898 95.55102 95.67347 95.83673 95.93877 96.04082 96.08163 96.06123 96 95.85714 95.7551 95.71429 95.67347 95.69388 95.69388 95.7347 95.79592 95.85714 95.91837 95.97959 95.95918 95.93877 95.91837 95.91837 95.91837 95.89796 95.85714 95.79592 95.69388 95.57143 95.42857 95.22449 95.04082 94.85714 94.63265 94.46939 94.34694 94.2449 94.12245 93.93877 93.79592 93.63265 93.4898 93.34694 93.20408 93.10204 92.97959 92.83673 92.69388 92.55102 92.40816 92.2653 92.16327 92.08163
95.20408 95.28571 95.38776 95.44898 95.5102 95.55102 95.59184 95.65306 95.71429 95.7551 95.81633 95.91837 96.04082 96.14286 96.20408 96.2449 96.22449 96.16327 96.06123 95.95918 95.87755 95.83673 95.81633 95.83673 95.85714 95.89796 95.95918 96 96.02041 96.02041 96.02041 96 95.97959 95.97959 96 95.95918 95.87755 95.79592 95.69388 95.57143 95.42857 95.22449 95.04082 94.81633 94.61224 94.46939 94.34694 94.22449 94.06123 93.87755 93.69388 93.55102 93.40816 93.28571 93.18367 93.02041 92.91837 92.7551 92.61224 92.46939 92.32653 92.20408 92.10204
95.34694 95.40816 95.5102 95.61224 95.67347 95.7347 95.79592 95.87755 95.95918 96 96.10204 96.18367 96.2449 96.32653 96.36735 96.36735 96.34694 96.30612 96.2653 96.18367 96.08163 96.04082 96.02041 96.02041 96.04082 96.08163 96.10204 96.12245 96.12245 96.12245 96.10204 96.08163 96.06123 96.02041 96 96 95.97959 95.87755 95.79592 95.69388 95.57143 95.42857 95.18367 94.97959 94.79592 94.59184 94.44898 94.30612 94.16327 94 93.77551 93.63265 93.5102 93.38776 93.2653 93.12245 93 92.81633 92.67347 92.53061 92.36735 92.2449 92.12245
95.4898 95.55102 95.63265 95.7347 95.81633 95.89796 96 96.10204 96.16327 96.2449 96.30612 96.38776 96.46939 96.4898 96.5102 96.5102 96.4898 96.46939 96.40816 96.34694 96.30612 96.2449 96.2449 96.2449 96.2449 96.2653 96.2653 96.2653 96.2653 96.2449 96.22449 96.18367 96.12245 96.08163 96.04082 96 96 95.97959 95.87755 95.79592 95.65306 95.5102 95.34694 95.10204 94.91837 94.71429 94.5102 94.34694 94.20408 94.08163 93.89796 93.7347 93.61224 93.46939 93.32653 93.18367 93.04082 92.89796 92.71429 92.57143 92.42857 92.2653 92.12245
95.63265 95.69388 95.7551 95.83673 95.93877 96.06123 96.14286 96.2449 96.32653 96.38776 96.46939 96.55102 96.61224 96.65306 96.65306 96.65306 96.65306 96.61224 96.55102 96.4898 96.44898 96.42857 96.40816 96.40816 96.40816 96.40816 96.40816 96.40816 96.40816 96.38776 96.32653 96.2653 96.18367 96.12245 96.06123 96.02041 96 96 95.95918 95.85714 95.71429 95.57143 95.42857 95.2449 95.02041 94.7551 94.57143 94.38776 94.2653 94.10204 93.95918 93.83673 93.67347 93.53061 93.38776 93.22449 93.10204 92.91837 92.7551 92.61224 92.44898 92.30612 92.14286
95.79592 95.83673 95.89796 96 96.08163 96.20408 96.30612 96.38776 96.44898 96.53061 96.61224 96.67347 96.7551 96.81633 96.83673 96.83673 96.81633 96.7551 96.69388 96.65306 96.61224 96.59184 96.59184 96.59184 96.59184 96.59184 96.59184 96.59184 96.57143 96.53061 96.44898 96.36735 96.28571 96.18367 96.10204 96.04082 96 96 96 95.91837 95.77551 95.63265 95.4898 95.32653 95.10204 94.81633 94.61224 94.44898 94.28571 94.14286 94 93.87755 93.7347 93.57143 93.42857 93.2653 93.14286 92.97959 92.79592 92.65306 92.4898 92.34694 92.20408
95.87755 95.95918 96.02041 96.10204 96.20408 96.30612 96.40816 96.5102 96.59184 96.67347 96.7347 96.81633 96.85714 96.89796 96.95918 96.95918 96.89796 96.85714 96.81633 96.77551 96.7551 96.7347 96.7347 96.7347 96.7347 96.7347 96.7347 96.7347 96.7347 96.65306 96.57143 96.46939 96.36735 96.2653 96.16327 96.04082 96.02041 96 95.97959 95.95918 95.83673 95.67347 95.53061 95.34694 95.14286 94.89796 94.63265 94.4898 94.34694 94.20408 94.02041 93.89796 93.77551 93.61224 93.46939 93.32653 93.18367 93.02041 92.83673 92.69388 92.55102 92.40816 92.2653
96.02041 96.06123 96.16327 96.2449 96.32653 96.42857 96.53061 96.63265 96.7347 96.79592 96.87755 96.91837 96.93877 96.97959 97 97 96.97959 96.93877 96.91837 96.89796 96.87755 96.87755 96.87755 96.87755 96.87755 96.87755 96.87755 96.87755 96.85714 96.79592 96.69388 96.59184 96.4898 96.36735 96.2449 96.10204 96.02041 96 96 95.95918 95.85714 95.71429 95.53061 95.36735 95.16327 94.91837 94.71429 94.55102 94.40816 94.2653 94.10204 93.97959 93.81633 93.67347 93.53061 93.36735 93.2449 93.06123 92.87755 92.7551 92.61224 92.46939 92.30612
96.14286 96.20408 96.28571 96.36735 96.46939 96.55102 96.65306 96.7551 96.85714 96.93877 96.97959 96.97959 97 97 97 97 97 97 96.97959 96.97959 96.97959 96.97959 96.97959 96.97959 96.97959 96.97959 96.97959 96.97959 96.95918 96.91837 96.81633 96.71429 96.59184 96.44898 96.30612 96.16327 96.06123 96.02041 96 95.95918 95.83673 95.69388 95.53061 95.34694 95.14286 94.93877 94.7551 94.61224 94.44898 94.30612 94.14286 94.04082 93.89796 93.71429 93.57143 93.40816 93.2653 93.10204 92.91837 92.81633 92.65306 92.5102 92.36735
96.2449 96.32653 96.40816 96.5102 96.59184 96.67347 96.7551 96.83673 96.93877 97 97 97 97 97 97 97 97 97 97 97 97 97 97 97 97 97 97 97 97 96.93877 96.87755 96.79592 96.65306 96.5102 96.36735 96.20408 96.12245 96.04082 96 95.95918 95.81633 95.67347 95.5102 95.34694 95.14286 94.95918 94.79592 94.65306 94.4898 94.34694 94.20408 94.10204 93.91837 93.7347 93.59184 93.40816 93.2653 93.12245 92.97959 92.85714 92.71429 92.57143 92.42857
96.38776 96.44898 96.55102 96.63265 96.71429 96.79592 96.85714 96.93877 97 97 97 97 97 97 97 97 97 97 97 97 97 97 97 97 97 97 97 97 97 96.97959 96.91837 96.83673 96.71429 96.55102 96.40816 96.2653 96.16327 96.08163 96.02041 95.93877 95.81633 95.67347 95.5102 95.34694 95.18367 95 94.85714 94.69388 94.55102 94.40816 94.2653 94.14286 93.95918 93.7551 93.59184 93.40816 93.2653 93.12245 93.02041 92.91837 92.77551 92.63265 92.4898
96.53061 96.59184 96.67347 96.77551 96.85714 96.89796 96.95918 97 97.02041 97 97 97 97 97 97 97 97 97 97 97 97 97 97 97 97 97 97 97 97 97 96.95918 96.89796 96.7551 96.61224 96.46939 96.34694 96.22449 96.10204 96 95.91837 95.81633 95.67347 95.53061 95.36735 95.22449 95.02041 94.89796 94.7551 94.59184 94.44898 94.32653 94.18367 93.97959 93.7347 93.57143 93.40816 93.2653 93.12245 93 92.95918 92.83673 92.67347 92.5102
96.67347 96.7551 96.85714 96.95918 97.02041 97.08163 97.10204 97.10204 97.08163 97.06123 97.02041 97 97 97 97 97 97 97 97 97 97 97 97 97 97 97 97 97 97 97 97 96.95918 96.81633 96.69388 96.57143 96.42857 96.30612 96.18367 96.02041 95.91837 95.81633 95.69388 95.57143 95.40816 95.2653 95.10204 94.95918 94.7551 94.61224 94.46939 94.32653 94.18367 93.93877 93.69388 93.53061 93.36735 93.2449 93.12245 93.02041 92.95918 92.83673 92.69388 92.53061
96.85714 96.97959 97.08163 97.16327 97.20408 97.2449 97.2449 97.22449 97.18367 97.14286 97.10204 97.04082 97 97 97.02041 97.02041 97 97.02041 97.02041 97.02041 97.02041 97 97.02041 97.02041 97.02041 97.02041 97.02041 97.02041 97.02041 97 97 96.97959 96.89796 96.77551 96.65306 96.53061 96.38776 96.2449 96.10204 95.95918 95.83673 95.7347 95.61224 95.44898 95.30612 95.10204 94.95918 94.77551 94.59184 94.44898 94.28571 94.10204 93.87755 93.63265 93.46939 93.32653 93.20408 93.10204 93.02041 92.93877 92.83673 92.69388 92.55102
97.04082 97.14286 97.2449 97.30612 97.34694 97.38776 97.38776 97.34694 97.30612 97.2449 97.18367 97.12245 97.08163 97.06123 97.06123 97.08163 97.10204 97.10204 97.10204 97.10204 97.10204 97.10204 97.10204 97.10204 97.12245 97.12245 97.12245 97.10204 97.08163 97.06123 97.02041 96.97959 96.91837 96.83673 96.7347 96.59184 96.46939 96.32653 96.20408 96.06123 95.89796 95.77551 95.65306 95.4898 95.32653 95.12245 94.95918 94.7347 94.55102 94.38776 94.20408 94.02041 93.81633 93.59184 93.42857 93.2653 93.16327 93.08163 93.02041 92.95918 92.83673 92.69388 92.55102
97.28571 97.34694 97.38776 97.44898 97.5102 97.53061 97.53061 97.5102 97.44898 97.38776 97.32653 97.28571 97.2449 97.18367 97.18367 97.20408 97.22449 97.2449 97.22449 97.22449 97.2449 97.2449 97.2449 97.2449 97.2449 97.2653 97.2449 97.22449 97.18367 97.14286 97.10204 97.04082 96.95918 96.87755 96.79592 96.67347 96.55102 96.42857 96.30612 96.20408 96.04082 95.87755 95.69388 95.55102 95.34694 95.12245 94.93877 94.71429 94.5102 94.30612 94.10204 93.93877 93.71429 93.53061 93.38776 93.22449 93.12245 93.04082 92.97959 92.95918 92.85714 92.71429 92.53061
97.44898 97.4898 97.53061 97.59184 97.65306 97.69388 97.69388 97.65306 97.59184 97.53061 97.46939 97.42857 97.38776 97.34694 97.32653 97.34694 97.36735 97.38776 97.36735 97.36735 97.38776 97.38776 97.38776 97.38776 97.38776 97.40816 97.38776 97.34694 97.30612 97.2449 97.18367 97.12245 97.02041 96.93877 96.85714 96.7551 96.65306 96.53061 96.38776 96.28571 96.14286 96 95.77551 95.57143 95.36735 95.14286 94.91837 94.69388 94.42857 94.2449 94 93.79592 93.63265 93.46939 93.32653 93.18367 93.06123 93.02041 93 92.95918 92.83673 92.67347 92.53061
97.59184 97.65306 97.69388 97.7347 97.79592 97.85714 97.85714 97.79592 97.7347 97.67347 97.63265 97.59184 97.53061 97.5102 97.5102 97.5102 97.53061 97.53061 97.55102 97.55102 97.55102 97.57143 97.57143 97.57143 97.57143 97.55102 97.55102 97.5102 97.44898 97.38776 97.30612 97.22449 97.14286 97.02041 96.93877 96.83673 96.7347 96.57143 96.44898 96.32653 96.20408 96.06123 95.81633 95.59184 95.36735 95.12245 94.89796 94.67347 94.40816 94.16327 93.85714 93.67347 93.53061 93.38776 93.2653 93.12245 93.04082 93 93 92.91837 92.77551 92.63265 92.4898
97.7551 97.77551 97.83673 97.89796 97.95918 98 97.97959 97.93877 97.87755 97.81633 97.7551 97.71429 97.69388 97.65306 97.65306 97.67347 97.69388 97.71429 97.69388 97.69388 97.71429 97.71429 97.71429 97.71429 97.71429 97.7347 97.69388 97.65306 97.59184 97.5102 97.42857 97.32653 97.22449 97.12245 97.04082 96.89796 96.77551 96.61224 96.46939 96.32653 96.18367 96.02041 95.83673 95.59184 95.34694 95.12245 94.83673 94.59184 94.32653 94.06123 93.7551 93.57143 93.42857 93.30612 93.18367 93.06123 93.02041 93 92.95918 92.85714 92.71429 92.57143 92.42857
97.95918 97.97959 98 98.06123 98.10204 98.08163 98.06123 98.02041 97.95918 97.89796 97.85714 97.83673 97.81633 97.79592 97.79592 97.81633 97.83673 97.85714 97.83673 97.83673 97.85714 97.85714 97.85714 97.85714 97.85714 97.87755 97.85714 97.79592 97.7347 97.65306 97.55102 97.42857 97.30612 97.18367 97.08163 96.93877 96.79592 96.61224 96.46939 96.30612 96.14286 95.97959 95.79592 95.57143 95.32653 95 94.7551 94.5102 94.20408 93.97959 93.71429 93.5102 93.36735 93.22449 93.12245 93.06123 93 92.95918 92.85714 92.77551 92.65306 92.5102 92.36735
98.18367 98.18367 98.22449 98.22449 98.20408 98.18367 98.14286 98.10204 98.04082 97.97959 97.93877 97.91837 97.91837 97.91837 97.91837 97.93877 97.95918 97.95918 97.95918 97.95918 97.95918 97.95918 97.95918 97.95918 97.97959 97.97959 97.97959 97.93877 97.85714 97.77551 97.65306 97.5102 97.36735 97.2449 97.08163 96.91837 96.77551 96.63265 96.44898 96.2653 96.08163 95.91837 95.71429 95.4898 95.2449 94.91837 94.67347 94.36735 94.12245 93.89796 93.67347 93.4898 93.30612 93.18367 93.10204 93.02041 92.95918 92.85714 92.77551 92.67347 92.55102 92.42857 92.30612
98.36735 98.38776 98.38776 98.36735 98.32653 98.30612 98.2449 98.18367 98.12245 98.04082 98 97.97959 97.97959 97.97959 98 98 97.97959 98 98 98 98 98 98.02041 98.02041 98 98 98 98 97.95918 97.85714 97.71429 97.57143 97.40816 97.2653 97.08163 96.91837 96.7551 96.61224 96.42857 96.2449 96 95.79592 95.61224 95.38776 95.14286 94.83673 94.55102 94.28571 94.04082 93.81633 93.61224 93.42857 93.2653 93.12245 93.04082 92.95918 92.85714 92.77551 92.67347 92.55102 92.44898 92.32653 92.22449
98.55102 98.57143 98.55102 98.53061 98.4898 98.42857 98.38776 98.30612 98.22449 98.14286 98.04082 98 98 98 98 98 98 98 98 98.02041 98.06123 98.08163 98.08163 98.08163 98.06123 98.02041 98 98 98 97.91837 97.7551 97.61224 97.46939 97.28571 97.10204 96.89796 96.71429 96.57143 96.40816 96.18367 95.87755 95.67347 95.46939 95.2449 95.04082 94.7347 94.4898 94.20408 93.95918 93.7551 93.53061 93.34694 93.20408 93.06123 92.95918 92.85714 92.77551 92.67347 92.55102 92.44898 92.32653 92.22449 92.14286
98.7347 98.71429 98.71429 98.67347 98.63265 98.59184 98.5102 98.42857 98.32653 98.22449 98.14286 98.04082 98 98 98.02041 98.02041 98 98 98.04082 98.10204 98.14286 98.16327 98.18367 98.16327 98.14286 98.10204 98.04082 98 98 97.93877 97.81633 97.65306 97.5102 97.32653 97.12245 96.89796 96.67347 96.5102 96.32653 96.08163 95.77551 95.55102 95.34694 95.12245 94.89796 94.65306 94.42857 94.14286 93.89796 93.67347 93.46939 93.30612 93.14286 92.97959 92.87755 92.77551 92.67347 92.55102 92.44898 92.32653 92.22449 92.12245 92.02041
98.93877 98.91837 98.87755 98.83673 98.77551 98.7347 98.65306 98.55102 98.44898 98.32653 98.22449 98.14286 98.08163 98.06123 98.06123 98.06123 98.06123 98.08163 98.12245 98.18367 98.2449 98.28571 98.28571 98.28571 98.2449 98.18367 98.12245 98.04082 97.97959 97.93877 97.83673 97.69388 97.53061 97.36735 97.14286 96.83673 96.61224 96.44898 96.20408 96 95.7347 95.5102 95.2653 95.02041 94.79592 94.61224 94.38776 94.14286 93.81633 93.61224 93.42857 93.2653 93.10204 92.91837 92.81633 92.69388 92.57143 92.44898 92.32653 92.20408 92.08163 91.97959 91.93877
