gama_workspace/LASCAR/external/laBouderie/data/mnt.asc
ncols         188
nrows         240
xllcorner     430473.22493409
yllcorner     6901379.7228504
cellsize      10
NODATA_value  -9999
[rows 56 to 83 of 240, columns 0 to 62 of 188]
110.4694 110.2653 110.0408 109.7959 109.551 109.2857 109 108.7551 108.4898 108.2653 108 107.7347 107.4694 107.1429 106.8571 106.551 106.3061 106.0816 105.8571 105.6939 105.5306 105.3673 105.2245 105.0612 104.898 104.7551 104.6531 104.551 104.4694 104.3878 104.3265 104.2653 104.2449 104.2449 104.2449 104.2245 104.1837 104.1429 104.102 104.0408 103.9796 103.898 103.8571 103.7959 103.7347 103.7143 103.6735 103.6735 103.6939 103.6939 103.7143 103.6735 103.6327 103.5918 103.5306 103.449 103.3469 103.2449 103.1633 103.0612 102.9796 102.8571 102.7755
110.4898 110.3061 110.102 109.8367 109.5918 109.3469 109.0612 108.7959 108.5102 108.2653 108 107.7347 107.4694 107.1633 106.898 106.5918 106.3469 106.1429 105.8571 105.6735 105.5102 105.3469 105.2041 105.102 104.9592 104.8367 104.7551 104.6735 104.5918 104.5306 104.4694 104.4286 104.4082 104.4082 104.4082 104.3673 104.3265 104.2653 104.2041 104.1429 104.102 104.0204 103.9796 103.9388 103.9388 103.9184 103.898 103.898 103.898 103.898 103.8775 103.8367 103.7755 103.7347 103.6735 103.5714 103.4694 103.3469 103.2449 103.1633 103.0612 102.9592 102.8571
110.5102 110.3265 110.1429 109.8775 109.6735 109.4082 109.102 108.8367 108.5306 108.2653 108 107.7347 107.4898 107.2041 106.9388 106.6531 106.4082 106.1837 105.9184 105.7143 105.5102 105.3469 105.2041 105.0816 105.0204 104.9388 104.8571 104.7959 104.7347 104.6735 104.6327 104.5918 104.5918 104.5918 104.5714 104.5306 104.4694 104.4082 104.3469 104.3061 104.2653 104.2041 104.1633 104.1429 104.1429 104.1633 104.1429 104.1225 104.1225 104.102 104.0612 104 103.9388 103.8775 103.7959 103.6939 103.5714 103.4694 103.3469 103.2449 103.1633 103.0612 102.9592
110.5306 110.3469 110.1837 109.9184 109.6939 109.449 109.1429 108.8571 108.5306 108.2653 108 107.7347 107.5102 107.2449 107 106.7143 106.449 106.2245 105.9796 105.7551 105.551 105.3673 105.2245 105.0816 105.0204 105 104.9592 104.898 104.8571 104.8163 104.7755 104.7551 104.7551 104.7347 104.7143 104.6735 104.6122 104.551 104.4898 104.449 104.4082 104.3469 104.3265 104.3469 104.3469 104.3673 104.3469 104.3265 104.3061 104.2245 104.1837 104.1225 104.0612 103.9592 103.8775 103.7959 103.6939 103.5714 103.4694 103.3469 103.2449 103.1429 103.0612
110.6122 110.3878 110.2245 109.9796 109.7347 109.449 109.1429 108.8571 108.5306 108.2653 108 107.7551 107.551 107.2857 107.0612 106.7755 106.5102 106.2857 106.0408 105.8367 105.6327 105.4286 105.3061 105.1837 105.1225 105.1225 105.102 105.0816 105.0408 105.0204 105 104.9796 104.9592 104.9184 104.898 104.8163 104.7551 104.6939 104.6531 104.6122 104.551 104.5102 104.5102 104.5102 104.5306 104.5306 104.5306 104.4898 104.4286 104.3878 104.3265 104.2449 104.1633 104.0612 104 103.8775 103.7959 103.6939 103.5714 103.4694 103.3673 103.2653 103.2041
110.6735 110.4694 110.2653 110 109.7551 109.449 109.1225 108.8367 108.551 108.2653 108 107.7551 107.5714 107.3469 107.1225 106.8367 106.5714 106.3469 106.1429 105.9184 105.7143 105.5306 105.4082 105.3061 105.2653 105.2653 105.2653 105.2653 105.2449 105.2449 105.2245 105.1837 105.1429 105.102 105.0408 104.9796 104.898 104.8571 104.7959 104.7347 104.7143 104.6735 104.6735 104.6939 104.7143 104.7347 104.6939 104.6327 104.5918 104.5306 104.449 104.3469 104.2449 104.1633 104.0612 104 103.8775 103.7959 103.6939 103.5918 103.4898 103.4082 103.3265
110.7143 110.4694 110.2653 110.0204 109.7755 109.449 109.1225 108.8367 108.551 108.3061 108.0408 107.7551 107.5918 107.3878 107.1837 106.898 106.6735 106.449 106.2449 106.0408 105.8163 105.6122 105.5102 105.449 105.4286 105.4082 105.4082 105.4082 105.4082 105.4082 105.3673 105.3265 105.2653 105.2041 105.1429 105.102 105.0204 104.9796 104.9388 104.9388 104.9184 104.898 104.9184 104.9388 104.9592 104.9592 104.9184 104.8367 104.7551 104.6735 104.5714 104.4694 104.3469 104.2449 104.1633 104.0612 103.9592 103.8775 103.7755 103.6939 103.6122 103.551 103.4694
110.7143 110.4694 110.2449 110.0204 109.7755 109.4694 109.1429 108.8571 108.5918 108.3673 108.102 107.8163 107.6122 107.4082 107.2449 106.9796 106.7551 106.5918 106.3878 106.1837 105.9796 105.7755 105.6531 105.6122 105.5918 105.5918 105.5918 105.5918 105.5918 105.5714 105.5306 105.4694 105.4082 105.3469 105.3061 105.2653 105.2041 105.1633 105.1429 105.1429 105.1633 105.1633 105.1633 105.2041 105.2041 105.1837 105.1429 105.0816 104.9592 104.8367 104.6939 104.5714 104.4694 104.3469 104.2449 104.1633 104.0612 103.9592 103.8775 103.8163 103.7551 103.6735 103.6122
110.7143 110.449 110.2245 110 109.7551 109.4694 109.1633 108.898 108.6327 108.4082 108.1633 107.8775 107.6531 107.449 107.2653 107.0408 106.8367 106.6735 106.5102 106.3265 106.1225 105.9592 105.8367 105.7755 105.7551 105.7551 105.7551 105.7551 105.7551 105.7347 105.6735 105.6122 105.551 105.4898 105.449 105.4082 105.3469 105.3265 105.3469 105.3469 105.3673 105.3673 105.3878 105.4082 105.3673 105.3469 105.2857 105.2245 105.1225 104.9796 104.8163 104.6939 104.5714 104.4694 104.3469 104.2449 104.1429 104.0612 103.9796 103.9184 103.8571 103.8163 103.7347
110.7143 110.449 110.2041 109.9592 109.7551 109.4898 109.1633 108.9388 108.6735 108.4694 108.2245 107.9592 107.7551 107.5102 107.3265 107.1225 106.898 106.7551 106.6122 106.4694 106.3061 106.1837 106.102 106.0204 106 106 106 106 105.9796 105.9592 105.8775 105.7755 105.6939 105.6531 105.6122 105.551 105.5102 105.5102 105.5102 105.5306 105.551 105.5714 105.5714 105.551 105.551 105.4898 105.4286 105.3673 105.2857 105.1837 105 104.8163 104.6939 104.5714 104.4694 104.3673 104.2653 104.2041 104.1225 104.0612 104 103.9388 103.8775
110.7347 110.449 110.1633 109.9388 109.7143 109.4898 109.2449 109 108.7143 108.5306 108.3061 108.0816 107.8367 107.6122 107.4082 107.2245 107 106.8571 106.6939 106.6122 106.5102 106.4082 106.3265 106.2857 106.2449 106.2449 106.2449 106.2245 106.2041 106.1633 106.102 106 105.8775 105.7755 105.7347 105.7143 105.6735 105.6735 105.6939 105.6939 105.7347 105.7347 105.7347 105.7551 105.6939 105.6327 105.5714 105.4898 105.4082 105.3061 105.1837 105 104.8367 104.6939 104.5918 104.4898 104.4082 104.3265 104.2653 104.1837 104.1429 104.0816 104.0204
110.7143 110.449 110.2041 109.898 109.6939 109.5102 109.3061 109.102 108.8163 108.6122 108.4082 108.2041 107.9796 107.7143 107.4694 107.3061 107.1429 107 106.8571 106.7755 106.6939 106.6327 106.551 106.4694 106.4286 106.4082 106.4082 106.3878 106.3469 106.3061 106.2449 106.1429 106.0408 105.9388 105.898 105.898 105.898 105.898 105.9184 105.9388 105.9592 105.9592 105.9592 105.9592 105.898 105.7959 105.7143 105.6327 105.5306 105.4286 105.3061 105.1633 105 104.8163 104.6939 104.6122 104.551 104.4694 104.3878 104.3265 104.2449 104.2041 104.1429
110.7143 110.449 110.2245 109.9388 109.7347 109.551 109.4082 109.2245 108.9592 108.7551 108.551 108.3265 108.1225 107.8367 107.5918 107.4082 107.3265 107.2449 107.1225 107 106.9388 106.8571 106.7959 106.6939 106.6327 106.5918 106.5714 106.551 106.5102 106.449 106.3878 106.3265 106.2653 106.1837 106.1225 106.1225 106.1225 106.1429 106.1837 106.2041 106.2041 106.1837 106.1837 106.1633 106.1225 106.0204 105.8775 105.7551 105.6531 105.5306 105.4286 105.3061 105.1837 105 104.8571 104.7551 104.6735 104.6122 104.5306 104.449 104.4082 104.3469 104.2857
110.7347 110.4898 110.2449 110.0204 109.8367 109.6327 109.4694 109.3061 109.102 108.898 108.6735 108.4694 108.2449 107.9796 107.7551 107.5714 107.4898 107.449 107.3469 107.2449 107.1633 107.0816 107 106.9184 106.8367 106.7755 106.7551 106.7143 106.6735 106.6122 106.5306 106.4694 106.4286 106.3878 106.3469 106.3265 106.3265 106.3673 106.3878 106.3673 106.3878 106.3673 106.3265 106.3061 106.2449 106.1633 106.0612 105.898 105.7755 105.6735 105.5306 105.4082 105.3061 105.1633 105.0204 104.8775 104.8163 104.7347 104.6735 104.5918 104.551 104.4898 104.4082
110.7755 110.5306 110.3469 110.1225 109.9592 109.7347 109.5306 109.3878 109.1837 109 108.7959 108.5714 108.3878 108.1633 107.9796 107.8571 107.7347 107.6735 107.5714 107.4898 107.3673 107.3061 107.2449 107.1837 107.1225 107.0612 107 106.9796 106.898 106.8163 106.7347 106.6531 106.5918 106.551 106.5306 106.5102 106.5102 106.5306 106.551 106.5714 106.551 106.5306 106.4898 106.4286 106.3878 106.3265 106.2449 106.1429 105.9592 105.8367 105.6939 105.551 105.4286 105.3061 105.1837 105.0612 104.9388 104.8775 104.7959 104.7551 104.6939 104.6327 104.551
110.8367 110.5918 110.4286 110.2653 110.0612 109.8163 109.6122 109.449 109.3061 109.0816 108.898 108.7143 108.5714 108.3878 108.2449 108.102 107.9796 107.8775 107.8163 107.6939 107.6327 107.551 107.4898 107.4286 107.3673 107.3061 107.2653 107.2245 107.1633 107.0612 106.9592 106.8571 106.7551 106.6939 106.6735 106.6939 106.6939 106.7143 106.7347 106.7347 106.7347 106.6939 106.6327 106.5918 106.5306 106.4694 106.4082 106.3265 106.2041 106.0408 105.898 105.7551 105.5714 105.4286 105.3061 105.2041 105.102 105.0204 104.9592 104.8775 104.8367 104.7551 104.6735
110.9184 110.6735 110.5102 110.3878 110.2041 109.9184 109.6939 109.5306 109.4082 109.2449 109.0408 108.8367 108.7347 108.5918 108.4694 108.3061 108.2041 108.102 108.0408 107.9592 107.8571 107.7551 107.7143 107.6122 107.5306 107.4694 107.4286 107.3878 107.3469 107.2653 107.1429 107.0408 106.9592 106.898 106.8775 106.898 106.9184 106.9592 106.9796 106.9796 106.9592 106.9184 106.8367 106.7551 106.6735 106.6122 106.551 106.4694 106.3878 106.2653 106.0816 105.9388 105.7755 105.5714 105.4286 105.3061 105.2245 105.1429 105.0816 105 104.9388 104.8775 104.7959
111.0408 110.7959 110.6122 110.4694 110.3061 110.0816 109.7959 109.6327 109.5306 109.4082 109.2449 109.0408 108.9184 108.8163 108.6735 108.5306 108.3878 108.3469 108.3061 108.2653 108.1633 108.0408 107.9184 107.8163 107.7143 107.6327 107.5714 107.551 107.5102 107.449 107.3673 107.2653 107.2041 107.1633 107.1225 107.1429 107.1837 107.2041 107.2245 107.2041 107.1837 107.1429 107.0816 106.9592 106.8571 106.7551 106.6735 106.6122 106.5306 106.449 106.3265 106.1429 105.9796 105.7755 105.5714 105.449 105.3469 105.2857 105.2041 105.1225 105.0612 105 104.9184
111.1429 110.9184 110.6939 110.551 110.3878 110.1837 109.9592 109.7755 109.6327 109.5306 109.3878 109.2245 109.0816 109 108.8775 108.7347 108.6122 108.5714 108.5102 108.4694 108.3673 108.2245 108.0816 108 107.898 107.7959 107.7551 107.7143 107.6531 107.5918 107.5306 107.4694 107.4082 107.3673 107.3469 107.3469 107.3673 107.3878 107.4082 107.3673 107.3469 107.2857 107.2245 107.1225 107 106.898 106.8367 106.7551 106.6735 106.5918 106.4898 106.3469 106.1429 105.9592 105.7755 105.5918 105.4898 105.4082 105.3265 105.2449 105.1633 105.1225 105.0408
111.2041 111 110.8163 110.6122 110.4898 110.3061 110.1225 109.9796 109.7755 109.6531 109.5102 109.3878 109.3061 109.2041 109.1429 109 108.8775 108.8163 108.7143 108.6327 108.5102 108.3878 108.3061 108.2041 108.1429 108.0612 107.9796 107.9388 107.8367 107.7551 107.6735 107.6327 107.5918 107.551 107.5306 107.5306 107.5306 107.551 107.551 107.551 107.4898 107.4286 107.3673 107.3061 107.2245 107.1225 107.0204 106.9592 106.8367 106.7551 106.6327 106.5102 106.3673 106.1429 105.9796 105.8163 105.6531 105.551 105.449 105.3673 105.3061 105.2449 105.2041
111.3265 111.102 110.898 110.7143 110.5918 110.449 110.2653 110.1225 109.9796 109.7959 109.6531 109.551 109.5102 109.449 109.3878 109.2653 109.1225 109.0204 108.9388 108.7959 108.6531 108.551 108.4898 108.4286 108.3673 108.2857 108.2041 108.1429 108.0612 107.9388 107.8367 107.7551 107.7347 107.6939 107.6735 107.6939 107.7143 107.7347 107.7551 107.6939 107.6327 107.5714 107.5102 107.449 107.3878 107.3061 107.2041 107.1429 107.0612 106.9184 106.7755 106.6531 106.5306 106.3673 106.1837 106.0408 105.8775 105.7143 105.5918 105.5102 105.449 105.4082 105.3265
111.4694 111.2449 111.0408 110.8367 110.7143 110.5714 110.4286 110.2857 110.1429 110 109.8571 109.7551 109.7143 109.6735 109.6122 109.4694 109.3265 109.2041 109.102 108.9796 108.8163 108.6939 108.6327 108.5918 108.5306 108.4286 108.3469 108.2653 108.2041 108.102 108 107.898 107.8775 107.8775 107.898 107.898 107.9388 107.9592 107.9592 107.898 107.7959 107.7143 107.6531 107.5918 107.5306 107.4286 107.3469 107.2653 107.2041 107.0816 106.898 106.7551 106.6531 106.5306 106.3878 106.2245 106.0816 105.9184 105.7551 105.6531 105.5918 105.551 105.4694
111.6735 111.449 111.2449 111.0408 110.898 110.7551 110.5918 110.449 110.3265 110.2653 110.1633 110.0612 109.9796 109.898 109.7959 109.6939 109.5306 109.4082 109.2857 109.2041 109.0612 108.898 108.7959 108.7347 108.6531 108.5714 108.4694 108.4082 108.3469 108.3061 108.2245 108.1225 108.0816 108.102 108.1225 108.1633 108.1633 108.1837 108.1633 108.1225 108.0204 107.898 107.7959 107.7347 107.6531 107.5714 107.4694 107.4082 107.3265 107.2449 107.102 106.898 106.7551 106.6531 106.5306 106.4082 106.2653 106.1429 105.9796 105.8367 105.7551 105.6735 105.6122
111.8571 111.6531 111.449 111.2449 111.0816 110.9388 110.7959 110.6531 110.5306 110.449 110.3878 110.3061 110.1837 110.1225 110.0204 109.898 109.7551 109.6122 109.449 109.3265 109.2245 109.0816 108.9388 108.8571 108.7959 108.6939 108.6122 108.551 108.4898 108.449 108.3878 108.3265 108.2857 108.3061 108.3265 108.3673 108.3469 108.3265 108.3061 108.2449 108.1633 108.0612 107.9388 107.8571 107.7959 107.6939 107.6122 107.5306 107.449 107.3469 107.2245 107.0816 106.898 106.7755 106.6735 106.5306 106.4082 106.2857 106.1633 106.0204 105.898 105.8367 105.7551
112.0612 111.8571 111.6735 111.4694 111.3469 111.1633 111.0204 110.898 110.7755 110.6939 110.6327 110.5102 110.4286 110.3265 110.2653 110.1429 110.0204 109.8571 109.6531 109.4898 109.3673 109.2449 109.1633 109.0408 108.9796 108.8775 108.7755 108.6939 108.6531 108.5918 108.5306 108.4898 108.4898 108.4898 108.5102 108.5102 108.5102 108.4694 108.4286 108.3878 108.3265 108.2449 108.1633 108.0408 107.9796 107.8775 107.7755 107.6735 107.5714 107.4694 107.3673 107.2449 107.1429 106.9592 106.8367 106.6939 106.551 106.4286 106.3265 106.2245 106.1225 106.0204 105.9592
112.2653 112.0612 111.8775 111.7143 111.551 111.449 111.3061 111.1633 111.0408 110.9184 110.8367 110.7347 110.6531 110.5714 110.5102 110.4286 110.2449 110.0612 109.8571 109.6531 109.5102 109.4082 109.3265 109.2449 109.1633 109.102 109 108.8775 108.7755 108.7347 108.6939 108.6531 108.6531 108.6735 108.6939 108.7143 108.6735 108.6327 108.5918 108.5306 108.4694 108.4082 108.3265 108.2449 108.1633 108.102 107.9796 107.8367 107.7143 107.5918 107.4898 107.4082 107.3265 107.2041 107.0408 106.898 106.7551 106.5918 106.4694 106.3878 106.3061 106.2041 106.1429
112.4694 112.3061 112.102 111.9592 111.8367 111.6939 111.551 111.449 111.2653 111.1429 111.0408 111 110.8775 110.7755 110.7143 110.6122 110.449 110.2449 110.0204 109.8571 109.6735 109.551 109.4694 109.3878 109.3265 109.2449 109.1429 109.0408 108.9388 108.898 108.8775 108.8775 108.898 108.9184 108.9388 108.9388 108.898 108.8367 108.7551 108.6735 108.6122 108.551 108.4694 108.3878 108.3265 108.2449 108.1633 108.0204 107.8571 107.7347 107.6327 107.551 107.4694 107.3878 107.2653 107.0816 106.9388 106.7959 106.6327 106.5306 106.4286 106.3265 106.2449
112.7347 112.551 112.3878 112.2449 112.102 112 111.8571 111.7143 111.5306 111.3878 111.3061 111.2449 111.1837 111.0612 110.9184 110.7959 110.6327 110.4286 110.2245 110.0612 109.9184 109.7347 109.6122 109.5306 109.449 109.3878 109.3265 109.2653 109.1837 109.1225 109.1225 109.1225 109.1429 109.1837 109.1837 109.1633 109.1429 109.0816 108.9592 108.8571 108.7551 108.6735 108.6122 108.5306 108.449 108.4082 108.3469 108.2449 108.0816 107.9388 107.8367 107.7143 107.6122 107.5306 107.449 107.3265 107.1633 107.0204 106.8775 106.6939 106.551 106.4286 106.3469
