gama_workspace/LASCAR/external/laBouderie/data/name.asc
ncols         188
nrows         240
xllcorner     430473.22493409
yllcorner     6901379.7228504
cellsize      10
NODATA_value  -9999
[rows 164 to 204 of 240, columns 94 to 187 of 188]
62 62 62 62 62 62 62 62 62 62 62 61 61 61 61 61 61 61 61 61 61 61 63 63 63 63 63 63 63 63 63 63 63 68 68 68 68 68 68 68 68 960 960 959 959 959 959 959 959 959 959 959 959 959 959 967 967 967 967 967 967 967 967 967 967 967 967 967 967 967 967 967 967 967 967 967 967 967 967 967 967 967 967 967 967 967 967 967 967 967 967 83 83 83
913 62 62 62 62 62 62 62 62 62 61 61 61 61 61 61 61 61 61 61 61 61 63 63 63 63 63 63 63 63 63 63 63 68 68 68 68 68 68 68 68 68 68 959 959 959 959 959 959 959 959 959 959 959 967 967 967 967 967 967 967 967 967 967 967 967 967 967 967 967 967 967 967 967 967 967 967 967 967 967 967 967 967 967 967 967 967 967 967 967 967 83 83 83
913 913 913 62 62 62 62 62 62 61 61 61 61 61 61 61 61 61 61 61 61 63 63 63 63 63 63 63 63 63 63 63 63 68 68 68 68 68 68 68 68 68 68 68 959 959 959 959 959 959 959 959 959 967 967 967 967 967 967 967 967 967 967 967 967 967 967 967 967 967 967 967 967 967 967 967 967 967 967 967 967 967 967 967 967 967 967 967 967 967 83 83 83 83
913 913 913 913 913 62 62 62 61 61 61 61 61 61 61 61 61 61 61 61 61 63 63 63 63 63 63 63 63 63 63 63 63 68 68 68 68 68 68 68 68 68 68 68 68 68 959 959 959 959 959 959 967 967 967 967 967 967 967 967 967 967 967 967 967 967 967 967 967 967 967 967 967 967 967 967 967 967 967 967 967 967 967 967 967 967 967 967 967 967 88 88 88 88
913 913 913 913 913 913 913 913 61 61 61 61 61 61 61 61 61 61 61 61 61 63 63 63 63 63 63 63 63 63 63 63 63 68 68 68 68 68 68 68 68 68 68 68 68 68 68 68 959 959 959 959 967 967 967 967 967 967 967 967 967 967 967 967 967 967 967 967 967 967 967 967 967 967 967 967 967 967 967 967 967 967 967 967 967 967 967 967 967 88 88 88 88 88
913 913 913 913 913 913 913 61 61 61 61 61 61 61 61 61 61 61 61 61 63 63 63 63 63 63 63 63 63 63 63 63 63 68 68 68 68 68 68 68 68 68 68 68 68 68 68 68 68 68 959 967 967 967 967 967 967 967 967 967 967 967 967 967 967 967 967 967 967 967 967 967 967 967 967 967 967 967 967 967 967 967 967 967 967 967 967 967 88 88 88 88 88 88
913 913 913 913 913 913 61 61 61 61 61 61 61 61 61 61 61 61 61 61 63 63 63 63 63 63 63 63 63 63 63 63 63 63 68 68 68 68 68 68 68 68 68 68 68 68 68 68 68 68 68 967 967 967 967 967 967 967 967 967 967 967 967 967 967 967 967 967 967 967 967 967 967 967 967 967 967 967 967 967 967 967 967 967 967 967 967 967 88 88 88 88 88 88
913 913 913 913 913 61 61 61 61 61 61 61 61 61 61 61 61 61 61 61 63 63 63 63 63 63 63 63 63 63 63 63 63 63 68 68 68 68 68 68 68 68 68 68 68 68 68 68 68 68 68 68 967 967 967 967 967 967 967 967 967 967 967 967 967 967 967 967 967 967 967 967 967 967 967 967 967 967 967 967 967 967 967 967 967 967 967 88 88 88 88 88 88 88
913 913 913 913 913 61 61 61 61 61 61 61 61 61 61 61 61 61 61 63 63 63 63 63 63 63 63 63 63 63 63 63 63 63 68 68 68 68 68 68 68 68 68 68 68 68 68 68 68 68 68 70 70 967 967 967 967 967 967 967 967 967 967 967 967 967 967 967 967 967 967 967 967 967 967 967 967 967 967 967 967 967 967 967 967 967 86 86 88 88 88 86 86 86
913 913 913 913 61 61 61 61 61 61 61 61 61 61 61 61 61 61 63 63 63 63 63 63 63 63 63 63 63 63 63 63 63 68 68 68 68 68 68 68 68 68 68 68 68 68 68 68 68 68 68 70 70 70 70 70 967 967 967 967 967 967 967 967 967 967 967 967 967 967 967 967 967 967 967 967 967 967 967 967 967 967 967 967 967 967 86 86 86 86 86 86 86 86
913 913 913 61 61 61 61 61 61 61 61 61 61 61 61 61 61 61 63 63 63 63 63 63 63 63 63 63 63 63 63 63 63 68 68 68 68 68 68 68 68 68 68 68 68 68 68 68 68 68 68 70 70 70 70 70 70 70 70 967 967 967 967 967 967 967 967 967 967 967 967 967 967 967 967 967 967 967 967 967 967 967 967 967 967 86 86 86 86 86 86 86 86 86
913 913 61 61 61 61 61 61 61 61 61 61 61 61 61 61 61 63 63 63 63 63 63 63 63 63 63 63 63 63 63 63 63 68 68 68 68 68 68 68 68 68 68 68 68 68 68 68 68 68 70 70 70 70 70 70 70 70 70 70 70 967 967 967 967 967 967 967 967 967 967 967 967 967 967 967 967 967 967 967 967 967 967 967 967 86 86 86 86 86 86 86 86 86
913 61 61 61 61 61 61 61 61 61 61 61 61 61 61 63 63 63 63 63 63 63 63 63 63 63 63 63 63 63 63 63 63 68 68 68 68 68 68 68 68 68 68 68 68 68 68 68 68 68 70 70 70 70 70 70 70 70 70 70 70 70 70 70 967 967 967 967 967 967 967 967 967 967 967 967 967 967 967 967 967 967 967 967 84 84 84 84 84 84 84 84 84 84
913 61 61 61 61 61 61 61 61 61 61 61 61 61 63 63 63 63 63 63 63 63 63 63 63 63 63 63 63 63 63 63 64 64 64 64 64 64 68 68 68 68 68 68 68 68 68 68 68 68 70 70 70 70 70 70 70 70 70 70 70 70 70 70 70 70 70 967 967 967 967 967 967 967 967 967 967 967 967 967 967 967 967 84 84 84 84 84 84 84 84 84 84 84
61 61 61 61 61 61 61 61 61 61 61 61 61 63 63 63 63 63 63 63 63 63 63 63 63 63 63 63 63 63 63 63 64 64 64 64 64 64 64 64 64 64 64 68 68 68 68 68 68 70 70 70 70 70 70 70 70 70 70 70 70 70 70 70 70 70 70 70 70 967 967 967 967 967 967 967 967 967 967 967 967 967 967 84 84 84 84 84 84 84 84 84 84 84
61 61 61 61 61 61 61 61 61 61 61 61 61 63 63 63 63 63 63 63 63 63 63 63 63 63 63 63 63 63 63 63 64 64 64 64 64 64 64 64 64 64 64 68 68 68 68 68 70 70 70 70 70 70 70 70 70 70 70 70 70 70 70 70 70 70 70 70 70 70 70 70 967 967 967 967 967 967 967 967 967 967 84 84 84 84 84 84 84 84 84 84 84 84
61 61 61 61 61 61 61 61 61 61 61 61 61 63 63 63 63 63 63 63 63 63 63 63 63 63 63 63 63 63 63 63 64 64 64 64 64 64 64 64 64 64 64 68 68 68 68 68 70 70 70 70 70 70 70 70 70 70 70 70 70 70 70 70 70 70 70 70 70 70 70 70 70 70 70 967 967 967 967 967 967 967 84 84 84 84 84 84 84 84 84 84 84 84
61 61 61 61 61 61 61 61 61 61 61 61 63 63 63 63 63 63 63 63 63 63 63 63 63 63 63 63 63 63 63 63 64 64 64 64 64 64 64 64 64 64 64 68 68 68 68 70 70 70 70 70 70 70 70 70 70 70 70 70 70 70 70 70 70 70 70 70 70 70 70 70 70 70 70 70 70 967 967 967 967 84 84 84 84 84 84 84 84 84 84 84 84 84
61 61 61 61 61 61 61 61 61 63 63 61 63 63 63 63 63 63 63 63 63 63 63 63 63 63 63 63 63 63 63 63 64 64 64 64 64 64 64 64 64 64 68 68 68 68 68 70 70 70 70 70 70 70 70 70 70 70 70 70 70 70 70 70 70 70 70 70 70 70 70 70 70 70 70 70 70 70 70 70 73 73 73 84 84 84 84 84 84 84 84 84 84 84
61 61 61 61 61 61 61 61 61 63 63 63 63 63 63 63 63 63 63 63 63 63 63 63 63 63 63 63 63 63 63 64 64 64 64 64 64 64 64 64 64 64 68 68 68 68 70 70 70 70 70 70 70 70 70 70 70 70 70 70 70 70 70 70 70 70 70 70 70 70 70 70 70 70 70 70 70 70 70 70 73 73 73 73 73 73 73 84 84 84 84 84 84 84
61 61 61 61 61 61 61 61 61 63 63 63 63 63 63 63 63 63 63 63 63 63 63 63 63 63 63 63 63 63 63 64 64 64 64 64 64 64 64 64 64 64 68 68 68 68 70 70 70 70 70 70 70 70 70 70 70 70 70 70 70 70 70 70 70 70 70 70 70 70 70 70 70 70 70 70 70 70 70 73 73 73 73 73 73 73 73 73 73 73 84 84 84 84
61 61 61 61 61 61 61 61 63 63 63 63 63 63 63 63 63 63 63 63 63 63 63 63 63 63 63 63 63 63 63 64 64 64 64 64 64 64 64 64 64 64 67 67 67 69 70 70 70 70 70 70 70 70 70 70 70 70 70 70 70 70 70 70 70 70 70 70 70 70 70 70 70 70 70 70 70 70 70 73 73 73 73 73 73 73 73 73 73 73 73 73 73 73
61 61 61 61 61 61 61 61 63 63 63 63 63 63 63 63 63 63 63 63 63 63 63 63 63 63 63 63 63 63 63 64 64 64 64 64 64 64 64 64 64 67 67 67 69 69 69 69 69 70 70 70 70 70 70 70 70 70 70 70 70 70 70 70 70 70 70 70 70 70 70 70 70 70 70 70 70 70 73 73 73 73 73 73 73 73 73 73 73 73 73 73 73 73
61 61 61 61 61 61 61 61 63 63 63 63 63 63 63 63 63 63 63 63 63 63 63 63 63 63 63 63 63 63 63 64 64 64 64 64 64 64 64 64 64 67 67 67 69 69 69 69 69 69 69 69 70 70 70 70 70 70 70 70 70 70 70 70 70 70 70 70 70 70 70 70 70 70 70 70 70 73 73 73 73 73 73 73 73 73 73 73 73 73 73 73 73 73
61 61 61 61 61 61 61 61 63 63 63 63 63 63 63 63 63 63 63 63 63 63 63 63 63 63 63 63 63 63 64 64 64 64 64 64 64 64 64 64 64 67 67 69 69 69 69 69 69 69 69 69 69 69 69 69 70 70 70 70 70 70 70 70 70 70 70 70 70 70 70 70 70 70 70 70 70 72 73 73 73 73 73 73 73 73 73 73 73 73 73 73 73 73
61 61 61 61 61 61 61 63 63 63 63 63 63 63 63 63 63 63 63 63 63 63 63 63 63 63 63 63 63 63 64 64 64 64 64 64 64 64 64 64 67 67 67 69 69 69 69 69 69 69 69 69 69 69 69 69 69 69 69 70 70 70 70 70 70 70 70 70 70 70 70 70 70 70 70 70 72 72 72 72 72 73 73 73 73 73 73 73 73 73 73 73 73 73
61 61 61 61 61 61 61 63 63 63 63 63 63 63 63 63 63 63 63 63 63 63 63 63 63 63 63 63 63 63 64 64 64 64 64 64 64 64 64 64 67 67 69 69 69 69 69 69 69 69 69 69 69 69 69 69 69 69 69 69 69 69 70 70 70 70 70 70 70 70 70 70 70 70 70 70 1185 72 72 72 72 72 72 73 73 73 73 73 73 73 73 73 73 73
61 61 61 61 61 61 61 63 63 63 63 63 63 63 63 63 63 63 63 63 63 63 63 63 63 63 63 63 63 63 64 64 64 64 64 64 64 64 64 64 67 67 69 69 69 69 69 69 69 69 69 69 69 69 69 69 69 69 69 69 69 69 69 69 69 69 70 70 70 70 70 70 70 70 70 1185 1185 1185 72 72 72 72 72 72 72 72 72 73 73 73 73 73 73 73
61 61 61 61 61 61 63 63 63 63 63 63 63 63 63 63 63 63 63 63 63 63 63 63 63 63 63 63 63 64 64 64 64 64 64 64 64 64 64 67 67 69 69 69 69 69 69 69 69 69 69 69 69 69 69 69 69 69 69 69 69 69 69 69 69 69 69 69 69 70 70 70 70 70 70 1185 1185 1185 72 72 72 72 72 72 72 72 72 72 72 72 72 72 72 72
61 61 61 61 61 61 63 63 63 63 63 63 63 63 63 63 63 63 63 63 63 63 63 63 63 63 63 63 64 64 64 64 64 64 64 64 64 64 64 67 67 69 69 69 69 69 69 69 69 69 69 69 69 69 69 69 69 69 69 69 69 69 69 69 69 69 69 69 69 69 69 69 69 70 70 1185 1185 1185 72 72 72 72 72 72 72 72 72 72 72 72 72 72 72 72
61 61 61 61 61 61 63 63 63 63 63 63 63 63 63 63 63 63 63 63 63 63 63 63 63 63 63 64 64 64 64 64 64 64 64 64 64 64 64 67 69 69 69 69 69 69 69 69 69 69 69 69 69 69 69 69 69 69 69 69 69 69 69 69 69 69 69 69 69 69 69 69 69 69 71 71 71 71 72 72 72 72 72 72 72 72 72 72 72 72 72 72 72 72
61 61 61 61 61 1111 1111 63 63 63 63 63 63 63 63 63 63 63 63 63 63 63 63 63 63 63 64 64 64 64 64 64 64 64 64 64 64 64 67 67 69 69 69 69 69 69 69 69 69 69 69 69 69 69 69 69 69 69 69 69 69 69 69 69 69 69 69 69 69 69 69 69 69 69 71 71 71 71 71 71 71 71 72 72 72 72 72 72 72 72 72 72 72 72
61 61 61 61 61 1111 1111 1111 1111 1111 1111 1111 63 63 63 63 63 63 63 63 63 63 63 63 63 63 64 64 64 64 64 64 64 64 64 64 64 64 67 67 69 69 69 69 69 69 69 69 69 69 69 69 69 69 69 69 69 69 69 69 69 69 69 69 69 69 69 69 69 69 69 69 69 71 71 71 71 71 71 71 71 71 71 71 71 72 72 72 72 72 72 72 72 72
61 61 61 61 61 1111 1111 1111 1111 1111 1111 1111 1111 1111 63 63 63 63 63 63 63 63 63 63 63 64 64 64 64 64 64 64 64 64 64 64 64 64 67 69 69 69 69 69 69 69 69 69 69 69 69 69 69 69 69 69 69 69 69 69 69 69 69 69 69 69 69 69 69 69 69 69 69 71 71 71 71 71 71 71 71 71 71 71 71 71 71 72 72 72 72 72 72 72
1111 61 61 61 1111 1111 1111 1111 1111 1111 1111 1111 1111 1111 63 63 63 63 63 63 63 63 63 63 64 64 64 64 64 64 64 64 64 64 64 64 64 67 67 67 69 69 69 55 55 55 55 55 55 55 55 55 69 69 69 69 69 69 69 69 69 69 69 69 69 69 69 69 69 69 69 69 71 71 71 71 71 71 71 71 71 71 71 71 71 71 71 71 71 71 72 72 72 72
1111 1111 1111 1111 1111 1111 1111 1111 1111 1111 1111 1111 1111 1111 63 63 63 63 63 63 63 63 63 64 64 64 64 64 64 64 64 64 64 64 64 64 64 67 67 67 55 55 55 55 55 55 55 55 55 55 55 55 55 55 55 55 69 69 69 69 69 69 69 69 69 69 69 69 69 69 69 69 71 71 71 71 71 71 71 71 71 71 71 71 71 71 71 71 71 71 71 71 71 71
1111 1111 1111 1111 1111 1111 1111 1111 1111 1111 1111 1111 1111 1111 63 63 63 63 63 63 63 64 64 64 64 64 64 64 64 64 64 64 64 64 64 64 51 51 55 55 55 55 55 55 55 55 55 55 55 55 55 55 55 55 55 55 58 58 69 69 69 69 69 69 69 69 69 69 69 69 69 69 71 71 71 71 71 71 71 71 71 71 71 71 71 71 71 71 71 71 71 71 71 71
1111 1111 1111 1111 1111 1111 1111 1111 1111 1111 1111 1111 1111 1111 63 63 63 63 63 65 65 65 65 66 64 64 64 64 64 64 64 64 64 51 51 51 51 51 55 55 55 55 55 55 55 55 55 55 55 55 55 55 55 55 55 55 58 58 58 58 58 69 69 69 69 69 69 69 69 69 69 71 71 71 71 71 71 71 71 71 71 71 71 71 71 71 71 71 71 71 71 71 71 71
47 47 1111 1111 1111 1111 1111 1111 1111 1111 1111 1111 1111 1111 63 63 45 45 45 45 45 65 65 66 66 66 66 64 64 64 64 51 51 51 51 51 51 51 55 55 55 55 55 55 55 55 55 55 55 55 55 55 55 55 55 55 58 58 58 58 58 58 58 58 69 69 69 69 69 69 71 71 71 71 71 71 71 71 71 71 71 71 71 71 71 71 71 71 71 71 71 71 71 71
47 47 47 47 47 47 47 47 47 47 47 47 47 47 45 45 45 45 45 45 45 45 45 45 66 66 66 51 51 51 51 51 51 51 51 51 51 51 55 55 55 55 55 55 55 55 55 55 55 55 55 55 55 55 55 55 58 58 58 58 58 58 58 58 58 57 69 69 69 69 71 71 71 71 71 71 71 71 71 71 71 71 71 71 71 71 71 71 71 71 71 71 71 71
47 47 47 47 47 47 47 47 47 47 47 47 47 47 45 45 45 45 45 45 45 45 45 45 45 45 51 51 51 51 51 51 51 51 51 51 51 51 55 55 55 55 55 55 55 55 55 55 55 55 55 55 55 55 55 58 58 58 58 58 58 58 58 58 58 57 57 57 42 71 71 71 71 71 71 71 71 71 71 71 71 71 71 71 71 71 71 71 71 71 71 71 71 71
