gama_workspace/LASCAR/external/laBouderie/data/name.asc
ncols         188
nrows         240
xllcorner     430473.22493409
yllcorner     6901379.7228504
cellsize      10
NODATA_value  -9999
[rows 0 to 40 of 240, columns 94 to 187 of 188]
680 681 680 1107 1107 1107 1195 679 679 679 679 1195 1195 1195 679 679 679 679 679 679 679 679 679 678 678 678 678 678 678 678 678 678 678 678 678 678 678 678 678 678 678 678 678 678 678 678 678 678 678 678 678 1038 1038 1038 1038 1038 1038 1038 1038 1038 1038 1038 1038 1038 1038 1038 1038 1038 1039 1041 1041 1041 1041 1041 1041 1041 636 636 636 636 636 636 636 636 636 635 635 635 635 635 634 634 634 634
680 680 680 680 1195 1195 1195 1195 679 679 1195 1195 1195 1195 679 679 679 679 679 679 679 679 678 678 678 678 678 678 678 678 678 678 678 678 678 678 678 678 678 678 678 678 678 678 678 678 678 678 678 678 678 1038 1038 1038 1038 1038 1038 1038 1038 1038 1038 1038 1038 1038 1038 1038 1038 1038 1038 1038 1038 1041 1041 1041 1041 637 636 636 636 636 636 636 636 636 636 636 635 635 635 635 635 634 634 634
680 680 1195 1195 1195 1195 1195 1195 1195 1195 1195 1195 1195 1195 1195 679 679 679 679 679 679 678 678 678 678 678 678 678 678 677 677 678 678 678 678 678 678 678 678 678 678 678 678 678 678 678 678 678 678 678 678 1038 1038 1038 1038 1038 1038 1038 1038 1038 1038 1038 1038 1038 1038 1038 1038 1038 1038 1038 1038 1038 1038 1038 1041 637 637 636 636 636 636 636 636 636 636 636 635 635 635 635 635 634 634 634
660 1195 1195 1195 1195 1195 1195 1195 1195 1195 1195 1195 1195 1195 1195 1195 679 679 679 679 678 678 678 678 678 678 678 678 678 677 677 677 677 677 677 677 677 677 676 676 676 676 676 676 676 676 676 676 676 676 676 1038 1038 1038 1038 1038 1038 1038 1038 1038 1038 1038 1038 1038 1038 1038 1038 1038 1038 1038 1038 1038 1038 1038 637 637 637 637 636 636 636 636 636 636 636 636 635 635 635 635 635 634 634 634
660 660 1195 1195 1195 1195 1195 1195 1195 1195 1195 1195 1195 1195 679 679 679 679 679 679 678 678 678 678 678 678 678 678 677 677 677 677 677 677 677 677 677 677 676 676 676 676 676 676 676 676 676 676 676 676 676 676 676 676 1038 1038 1038 1038 1038 1038 1038 1038 1038 1038 1038 1038 1038 1038 1038 1038 1038 1038 1038 637 637 637 637 637 637 636 636 636 636 636 636 636 636 635 635 635 635 635 634 634
660 660 1195 1195 1195 1195 1195 1195 1195 1195 1195 1195 1195 679 679 679 679 679 679 678 678 678 678 678 678 678 678 678 677 677 677 677 677 677 677 677 677 677 676 676 676 676 676 676 676 676 676 676 676 676 676 676 676 676 676 676 676 1038 1038 1038 1038 1038 1038 1038 1038 1038 1038 1038 1038 1038 1038 1038 1038 637 637 637 637 637 637 636 636 636 636 636 636 636 636 635 635 635 635 635 634 634
660 660 660 1195 1195 1195 1195 1195 1195 1195 1195 1195 679 679 679 679 679 678 678 678 678 678 678 678 678 678 678 677 677 677 677 677 677 677 677 677 677 676 676 676 676 676 676 676 676 676 676 676 676 676 676 676 676 676 676 676 675 675 675 1038 1038 1038 1038 1038 1038 1038 1038 1038 1038 1038 1038 1038 637 637 637 637 637 637 637 637 636 636 636 636 636 636 636 636 635 635 635 635 635 634
660 660 660 660 1195 1195 1195 1195 1195 1195 679 679 679 679 679 679 678 678 678 678 678 678 678 678 678 678 678 677 677 677 677 677 677 677 677 677 677 676 676 676 676 676 676 676 676 676 676 676 676 676 676 676 676 676 676 675 675 675 675 675 670 1038 1038 1038 1038 1038 1038 1038 1038 1038 1038 1038 637 637 637 637 637 637 637 637 637 636 636 636 636 636 636 636 635 635 635 635 635 634
660 660 660 660 1195 1195 1195 1195 1195 679 679 679 679 679 679 678 678 678 678 678 678 678 678 678 678 678 677 677 677 677 677 677 677 677 677 677 676 676 676 676 676 676 676 676 676 676 676 676 676 676 676 676 676 676 675 675 675 675 675 670 670 670 1038 1038 1038 1038 1038 1038 1038 1038 1038 637 637 637 637 637 637 637 637 637 637 637 636 636 636 636 636 636 635 635 635 635 635 634
2 2 660 660 660 1195 1195 1195 679 679 679 679 679 679 679 679 678 678 678 678 678 678 678 678 678 678 677 677 677 677 677 677 677 677 677 676 676 676 676 676 676 676 676 676 676 676 676 676 676 676 676 676 676 675 675 675 675 675 670 670 670 670 670 1038 1038 1038 1038 1038 1038 1038 1038 637 637 637 637 637 637 637 637 637 637 637 637 637 636 636 636 636 636 635 635 635 635 635
852 852 852 2 2 2 2 2 679 679 679 679 679 679 679 679 678 678 678 678 678 678 678 678 678 677 677 677 677 677 677 677 677 677 677 676 676 676 676 676 676 676 676 676 676 676 676 676 676 676 676 676 675 675 675 675 675 670 670 670 670 670 670 670 1038 1038 1038 1038 1038 1038 637 637 637 637 637 637 637 637 637 637 637 637 637 637 637 636 636 636 636 635 635 635 635 635
852 852 852 852 852 852 865 865 865 2 2 2 2 2 679 679 679 678 678 678 678 678 678 678 677 677 677 677 677 677 677 677 677 677 676 676 676 676 676 676 676 676 676 676 676 676 676 676 676 676 676 675 675 675 675 675 670 670 670 670 670 670 670 670 670 1038 1038 1038 1038 1038 637 637 637 637 637 637 637 637 637 637 637 637 637 637 637 637 636 636 636 638 638 638 638 638
852 852 852 852 852 852 852 865 865 866 866 866 866 867 867 2 2 2 2 2 678 678 678 678 677 677 677 677 677 677 677 677 677 677 676 676 676 676 676 676 676 676 676 676 676 676 676 676 676 676 675 675 675 675 675 670 670 670 670 670 670 670 670 670 671 671 671 1038 1038 1038 637 637 637 637 637 637 637 637 637 637 637 637 637 637 637 637 637 638 638 638 638 638 638 638
852 852 852 852 852 852 852 852 866 866 866 866 866 867 867 867 868 868 869 869 2 2 2 2 2 677 677 677 677 677 677 677 677 676 676 676 676 676 676 676 676 676 676 676 676 676 676 676 676 675 675 675 675 675 670 670 670 670 670 670 670 670 670 671 671 671 671 674 674 674 637 637 637 637 637 637 637 637 637 637 637 637 637 637 638 638 638 638 638 638 638 638 638 638
852 852 852 852 852 852 852 852 866 866 866 866 866 866 868 867 868 868 869 869 869 869 869 869 869 869 2 2 2 2 677 677 676 676 676 676 676 676 676 676 676 676 676 676 676 676 676 676 675 675 675 675 675 675 670 670 670 670 670 670 670 670 671 671 671 671 671 674 674 674 637 637 637 637 637 637 637 637 637 637 637 638 638 638 638 638 638 638 638 638 638 638 638 638
852 852 852 852 852 852 852 852 866 866 866 866 866 868 868 868 868 869 869 869 869 869 869 869 869 869 870 870 870 870 871 2 2 2 2 676 676 676 676 676 676 676 676 676 676 676 676 675 675 675 675 675 675 670 670 670 670 670 670 670 670 670 671 671 671 671 671 673 673 674 637 637 637 637 637 637 637 637 637 638 638 638 638 638 638 638 638 638 638 638 638 638 638 638
852 852 852 852 852 852 852 852 852 866 866 866 868 868 868 868 869 869 869 869 869 869 869 869 869 870 870 870 870 871 871 871 871 871 871 871 871 2 2 2 676 676 676 676 676 676 675 675 675 675 675 675 670 670 670 670 670 670 670 670 670 670 670 671 671 671 671 673 673 673 673 637 637 637 637 637 637 637 638 638 638 638 638 638 638 638 638 638 638 638 638 638 638 638
852 852 852 852 852 852 852 852 852 866 868 868 868 868 868 870 870 870 870 869 869 869 869 869 869 870 870 870 871 871 871 871 871 871 871 871 871 871 871 871 871 871 871 2 2 2 675 675 675 675 675 670 670 670 670 670 670 670 670 670 670 670 671 671 671 671 671 673 673 673 669 669 637 637 637 637 638 638 638 638 638 638 638 638 638 638 638 638 638 638 638 638 638 638
852 852 852 852 852 852 852 852 852 852 868 868 868 868 870 870 870 870 870 870 870 870 870 870 870 870 870 872 871 871 871 871 871 871 871 871 871 871 871 871 871 871 871 871 886 886 886 2 2 2 2 2 670 670 670 670 670 670 670 670 670 671 671 671 671 671 671 671 673 669 669 669 637 637 637 638 638 638 638 638 638 638 638 638 638 638 638 638 638 638 638 638 638 638
852 852 852 852 852 852 852 852 852 852 868 868 868 870 870 870 870 870 870 870 870 870 870 870 872 870 872 872 872 871 871 871 871 871 871 871 871 871 871 871 871 871 871 886 886 886 886 886 886 886 886 2 2 2 2 2 670 670 670 670 671 671 671 671 671 672 671 671 669 669 669 669 669 637 638 638 638 638 638 638 638 638 638 638 638 638 651 651 651 651 638 638 638 638
852 852 852 852 852 852 852 852 852 852 851 870 870 870 870 870 870 870 870 870 870 870 870 872 872 872 872 872 872 872 872 871 871 871 871 871 871 871 871 871 871 871 886 886 886 886 886 886 886 886 886 886 886 886 886 2 2 2 2 2 2 671 671 671 672 672 672 669 669 669 669 669 669 669 638 638 638 638 638 638 638 638 638 638 638 638 651 651 651 651 638 638 638 638
852 852 852 852 852 852 852 851 851 851 851 870 870 870 870 870 870 870 870 870 870 872 872 872 872 872 872 872 872 872 872 872 871 871 871 871 871 871 871 871 871 886 886 886 886 886 886 886 886 886 886 886 886 886 886 886 886 888 888 888 2 2 2 2 2 672 669 669 669 669 669 669 669 669 669 638 638 638 638 638 638 638 638 638 638 638 651 651 651 651 651 638 638 638
852 852 852 852 851 851 851 851 851 851 851 870 870 870 870 870 870 870 870 870 873 873 872 872 872 872 872 872 872 872 872 872 872 871 871 871 871 871 871 871 886 886 886 886 886 886 886 886 886 886 886 886 886 886 886 886 886 888 888 888 888 889 889 889 1019 3 3 3 669 669 669 669 669 669 669 669 638 638 638 638 638 638 638 638 638 638 651 651 651 651 651 645 645 639
852 850 851 851 851 851 851 851 851 851 851 870 870 870 870 870 870 870 873 873 873 873 873 872 872 872 872 872 872 872 872 872 872 872 871 871 871 871 871 871 886 886 886 886 886 886 886 886 886 886 886 886 886 886 886 886 886 887 887 889 889 889 889 1019 1019 1019 1020 3 3 3 3 669 669 669 669 669 669 638 638 638 638 638 638 638 638 651 651 651 651 651 648 645 645 644
850 850 850 851 851 851 851 851 851 851 851 870 870 870 870 870 870 873 873 873 873 873 873 873 873 872 872 872 872 872 872 872 872 872 872 871 871 871 871 886 886 886 886 886 886 886 886 886 886 886 886 886 886 886 886 886 887 887 889 889 889 889 1019 1019 1019 1020 1020 1020 1021 1021 3 3 3 3 669 669 669 669 638 638 638 638 638 638 650 651 651 651 651 651 648 647 646 644
850 850 850 851 851 851 851 851 851 851 870 870 870 870 870 870 870 873 873 873 873 873 873 873 873 873 872 872 872 872 872 872 872 872 872 872 871 871 886 886 886 886 886 886 886 886 886 886 886 886 886 886 886 886 886 886 887 889 889 889 889 845 845 845 845 1019 1020 1021 1021 1021 1021 1021 1021 3 3 3 3 669 669 669 638 638 638 650 650 650 651 651 652 652 648 647 646 644
850 850 850 850 850 851 851 851 851 851 870 870 870 870 870 870 873 873 873 873 873 873 873 873 873 873 873 872 872 872 872 872 872 872 872 872 872 886 886 886 886 886 886 886 886 886 886 886 886 886 886 886 886 886 886 886 889 889 890 890 845 845 845 845 845 845 845 845 1021 1021 1021 1021 3 1028 1028 1028 3 3 3 3 669 650 650 650 650 650 651 651 652 653 648 647 646 646
850 850 850 850 850 848 851 851 851 851 870 870 870 870 870 873 873 873 873 873 873 873 873 873 873 873 873 873 872 872 872 872 872 872 872 872 872 882 882 886 886 886 886 886 886 886 886 886 886 886 886 886 886 886 886 886 886 890 890 845 845 845 845 845 845 845 845 845 1025 1025 1025 1021 1027 1027 1028 1177 1177 1177 1177 1177 3 3 3 650 650 650 650 1117 1117 1117 649 649 646 646
850 850 850 850 848 848 848 848 851 851 870 870 870 870 870 873 873 873 873 873 873 873 873 873 873 873 873 873 873 872 872 872 872 872 872 872 872 872 882 882 886 886 886 886 886 886 886 886 886 886 886 886 886 886 886 886 886 890 845 845 845 845 845 845 845 845 845 1025 1025 1025 1025 1025 1025 1027 1177 1177 1177 1177 1177 1177 1177 1177 3 1178 4 4 650 650 1117 1117 649 649 649 649
850 850 848 848 848 848 848 848 848 848 870 870 870 873 873 873 873 873 873 873 873 873 873 873 873 873 873 873 873 873 873 872 872 872 872 872 872 872 879 882 882 886 886 886 886 886 886 886 886 886 886 886 886 886 886 886 886 845 845 845 845 845 845 845 845 845 1022 1025 1025 1025 1026 1025 1025 1025 1177 1177 1177 1177 1177 1177 1177 1177 1177 1178 1178 4 4 6 6 1117 649 649 649 649
850 848 848 848 848 848 848 848 848 848 870 870 873 873 873 873 873 873 873 873 873 873 873 873 873 873 873 873 873 873 873 873 872 872 872 872 872 879 879 882 882 882 886 886 886 886 886 886 886 886 886 886 886 886 886 886 845 845 845 845 845 845 845 845 840 1022 1022 1025 1025 1025 1026 1025 1025 1177 1177 1177 1177 1177 1177 1177 1177 1177 1177 4 4 1004 1004 5 1018 6 7 7 1191 1191
848 848 848 848 848 848 848 848 848 848 870 873 873 873 873 873 873 873 873 873 873 873 873 873 873 873 873 873 873 873 873 873 873 872 872 872 879 879 879 882 882 885 885 886 886 886 886 886 886 886 886 886 886 886 886 845 845 845 845 845 845 845 845 840 840 840 1022 1022 1025 1025 1025 1025 1177 1177 1177 1177 1177 1177 1177 1177 1177 1004 1004 1004 1004 1004 1004 5 1018 1017 1016 1016 7 7
848 848 848 848 848 848 848 848 848 848 873 873 873 873 873 873 873 873 873 873 873 873 873 873 873 873 873 873 873 873 873 873 873 873 872 879 879 879 879 882 885 885 885 886 886 886 886 886 886 886 886 886 886 886 845 845 845 845 845 845 845 840 840 840 840 840 1022 1022 1022 1025 1025 1177 1177 1177 1177 1177 1177 1177 1177 1177 1004 1004 1004 1004 1004 1004 1004 1004 1018 1017 1016 1016 1016 1016
848 848 848 848 848 848 848 848 848 873 873 873 873 873 873 873 873 873 873 873 873 873 873 873 873 873 873 873 873 873 873 873 873 873 873 879 879 879 879 883 885 885 886 886 886 886 886 886 886 886 886 886 886 886 845 845 845 845 845 845 840 840 840 840 840 840 840 1022 1024 1024 1177 1177 1177 1177 1177 1177 1177 1177 1004 1004 1004 1004 1004 1004 1004 1004 1004 1004 5 1017 1013 1013 1016 1016
848 848 848 848 848 848 848 848 848 873 873 873 873 873 873 873 873 873 873 873 873 873 873 873 873 873 873 873 873 873 873 873 873 873 873 873 873 880 883 883 883 884 884 886 886 886 886 886 886 886 886 886 840 840 845 845 845 845 840 840 840 840 840 840 840 840 840 840 1023 1024 1024 1177 1177 1177 1177 1177 1177 1177 1004 1004 1004 1004 1004 1004 1004 1004 1004 1005 1005 5 1013 1012 1012 1012
848 848 848 848 848 848 848 848 873 873 873 873 873 873 873 873 873 873 873 873 873 873 873 873 873 873 873 873 873 873 873 873 873 873 873 873 873 880 883 883 883 883 884 886 886 886 886 886 886 886 840 840 840 840 840 845 840 840 840 840 840 840 840 840 840 840 840 840 840 1023 1177 1177 1177 1177 1177 1177 1177 1004 1004 1004 1004 1004 1004 1004 1004 1004 1004 1004 1005 1005 1005 1012 1012 1012
848 848 848 848 848 848 848 848 873 873 873 873 873 873 873 873 873 873 873 873 873 873 873 873 873 873 873 873 873 873 873 873 873 873 873 873 873 873 846 846 883 883 883 884 886 886 839 839 839 840 840 840 840 840 840 840 840 840 840 840 840 840 875 875 840 840 840 840 840 840 1177 1177 1177 1177 1177 1177 1004 1004 1004 1004 1004 1004 1004 1004 1004 1004 1004 1004 1005 1005 1005 1005 1012 1006
848 848 848 848 848 848 848 848 848 873 873 873 873 873 873 873 873 873 873 873 873 873 873 873 873 873 873 873 873 873 873 873 873 873 873 873 846 846 846 846 846 846 846 839 839 839 839 839 839 840 840 840 840 840 840 840 840 840 840 840 840 875 875 875 875 840 840 840 840 840 1177 1177 1177 1177 1177 1177 1004 1004 1004 1004 1004 1004 1004 1004 1004 1004 1004 1004 1005 1005 1005 1005 1006 1006
848 848 848 848 848 848 848 848 848 873 873 873 873 873 873 873 873 873 873 873 873 873 873 873 873 873 873 873 873 873 873 873 873 873 873 846 846 846 846 846 846 846 846 839 839 1186 839 839 839 840 840 840 840 840 840 840 840 840 840 840 875 876 876 875 875 840 840 840 840 840 840 1177 1177 1177 1177 1177 1004 1004 1004 1004 1004 1004 1004 1004 1004 1004 1004 1004 1004 1005 1005 1005 1005 1006
848 848 848 848 848 848 848 848 848 873 873 873 873 873 873 873 873 873 873 873 873 873 873 873 873 873 873 873 873 873 873 873 873 846 846 846 846 846 846 846 846 846 839 839 839 839 839 839 839 839 840 840 840 840 840 840 840 840 840 875 875 876 876 876 875 875 840 840 840 840 878 878 878 1177 1177 1004 1004 1004 1004 1004 1004 1004 1004 1004 1004 1002 1004 1004 1004 1005 1005 1005 1005 1005
848 848 848 848 848 848 848 848 848 873 873 873 873 873 873 873 873 873 873 873 873 873 873 873 873 873 873 873 873 873 873 873 846 846 846 846 846 846 846 846 846 846 839 839 1186 1186 1186 839 839 839 840 840 840 840 840 840 840 840 875 875 875 876 876 876 876 875 875 840 840 840 878 878 878 878 976 1004 1004 1004 1004 1004 1004 1004 1004 1002 1002 1002 1004 1004 1004 1004 1005 1005 1005 1005
