gama_workspace/LASCAR/external/laBouderie/data/name.asc
ncols         188
nrows         240
xllcorner     430473.22493409
yllcorner     6901379.7228504
cellsize      10
NODATA_value  -9999
[rows 41 to 81 of 240, columns 94 to 187 of 188]
848 848 848 848 848 848 848 847 847 847 873 873 873 873 873 873 873 873 873 873 873 873 873 873 873 873 873 873 873 873 846 846 846 846 846 846 846 846 846 846 846 846 839 839 839 1186 1186 839 839 839 839 840 840 840 840 840 840 875 875 875 875 875 876 876 876 876 875 875 840 878 878 878 878 878 976 976 1004 1004 1004 1004 1004 1004 1002 1002 1002 1002 1002 1004 1004 1004 1002 1002 1002 1005
848 848 848 848 848 848 847 847 847 836 836 873 873 873 873 873 873 873 873 873 873 873 873 873 873 873 873 837 837 837 837 846 846 846 846 846 846 846 846 846 846 839 839 839 839 1186 1186 1186 839 839 839 840 840 840 840 840 840 875 875 875 875 875 875 876 874 876 875 875 877 878 878 878 878 976 976 976 976 976 1004 1004 1004 1002 1002 1002 1002 1002 1002 1002 1004 1002 1002 1002 1002 1002
848 848 848 848 848 847 847 847 847 836 836 873 873 873 873 873 873 873 873 873 873 873 873 873 873 837 837 837 837 837 837 837 846 846 846 846 846 846 846 846 839 839 839 839 839 839 839 839 839 839 839 839 840 840 840 840 840 840 875 875 875 875 876 874 874 874 874 877 877 877 878 878 878 976 976 976 976 976 976 1004 1002 1002 1002 1002 1002 1002 1002 1003 1002 1002 1002 1002 1002 1002
848 848 848 848 848 847 847 847 836 836 836 836 873 873 873 873 873 873 873 873 873 873 873 837 837 837 837 837 837 837 837 837 837 837 837 846 846 846 846 839 839 839 839 839 839 839 839 839 839 839 839 839 839 840 840 840 840 840 840 875 875 874 874 874 874 874 874 874 877 878 878 878 976 976 976 976 976 976 976 976 1002 1002 1002 1002 1002 1003 1003 1003 1002 1002 1002 1002 1002 1002
848 848 848 848 848 847 847 836 836 836 836 836 836 873 873 873 873 873 873 873 873 873 837 837 837 837 837 837 837 837 837 837 837 837 837 837 846 838 838 839 839 839 839 839 839 839 839 839 839 839 839 839 839 840 840 840 840 840 840 841 874 874 874 874 874 874 874 874 874 878 878 976 976 976 976 976 976 976 976 976 976 1002 1002 1002 1002 1002 1003 1002 1002 1002 1002 1002 1002 1002
848 848 848 848 848 848 836 836 836 836 836 836 836 836 873 873 873 873 873 873 873 837 837 837 837 837 837 837 837 837 837 837 837 837 837 837 838 838 838 838 839 839 839 839 839 839 839 839 839 839 839 839 839 839 840 840 840 840 841 841 841 874 874 874 874 874 874 874 874 874 976 976 976 976 976 976 976 976 976 976 976 976 1002 1002 1002 1002 1002 1002 1002 1002 1002 1002 1002 987
848 848 848 848 848 836 836 836 836 836 836 836 836 836 873 873 873 873 873 873 837 837 837 837 837 837 837 837 837 837 837 837 837 837 837 838 838 838 838 838 838 839 839 839 839 839 839 839 839 839 839 839 839 839 840 840 840 841 841 841 841 841 874 874 874 874 874 874 874 976 976 976 976 976 976 976 976 976 976 976 976 976 976 1002 1002 1002 1002 1002 1002 1002 1002 1002 987 987
848 848 848 848 836 836 836 836 836 836 836 836 836 836 836 873 873 873 873 837 837 837 837 837 837 837 837 837 837 837 837 837 837 837 838 838 838 838 838 844 844 839 839 839 839 839 839 839 839 839 839 839 839 839 839 840 841 841 841 841 841 841 842 874 874 874 874 874 976 976 976 976 976 976 976 976 976 976 976 976 976 976 976 976 1002 1002 1002 1002 1002 1002 1002 987 987 987
848 848 848 836 836 836 836 836 836 836 836 836 836 836 836 836 873 873 837 837 837 837 837 837 837 837 837 837 837 837 837 837 837 838 838 838 838 838 844 844 844 844 839 839 839 839 839 839 839 839 839 839 839 839 839 841 841 841 841 841 841 841 842 842 874 874 874 976 976 976 976 976 976 976 976 976 976 976 976 976 976 976 976 976 976 1002 1002 1002 1002 1002 987 987 987 987
848 848 836 836 836 836 836 836 836 836 836 836 836 836 836 836 873 837 837 837 837 837 837 837 837 837 837 837 837 837 837 837 838 838 838 838 838 844 844 844 844 844 844 839 839 839 839 839 839 839 839 839 839 839 841 841 841 841 841 841 841 842 842 842 842 842 972 972 976 976 976 976 976 976 976 976 976 976 976 976 976 976 976 976 976 1002 1002 1002 1002 987 987 987 987 987
848 836 836 836 836 836 836 836 836 836 836 836 836 836 836 836 873 837 837 837 837 837 837 837 837 837 837 837 837 837 838 838 838 838 838 844 844 844 844 844 844 844 844 844 839 839 839 839 839 839 839 839 839 841 841 841 841 841 841 841 842 842 842 842 842 842 972 972 972 976 976 976 976 976 976 976 976 976 976 976 976 976 976 976 976 976 1002 1002 987 987 987 987 987 987
836 836 836 836 836 836 836 836 836 836 836 836 836 836 836 836 836 837 837 837 837 837 837 837 837 837 837 837 837 838 838 838 838 838 844 844 844 844 844 844 844 844 844 844 844 839 839 839 839 839 839 841 841 841 841 841 841 841 841 842 842 842 842 842 842 972 972 972 972 972 976 976 976 976 976 976 976 976 976 976 976 976 976 976 976 976 976 987 987 987 987 987 987 987
836 836 836 836 836 836 836 836 836 836 836 836 836 836 836 836 836 837 837 837 837 837 837 837 837 837 837 837 838 838 838 838 838 844 844 844 844 844 844 844 844 844 844 844 844 839 839 839 839 839 841 841 841 841 841 841 841 841 841 842 842 842 842 842 972 972 972 972 972 972 972 976 976 976 976 976 976 976 976 976 976 976 976 976 976 976 971 971 987 987 987 987 987 987
836 836 836 836 836 836 836 836 836 836 836 836 836 836 836 830 830 830 837 837 837 837 837 837 837 837 838 838 838 838 838 844 844 844 844 844 844 844 844 844 844 844 844 844 844 844 839 839 841 841 841 841 841 841 841 841 841 841 842 842 842 842 842 972 972 972 972 972 972 972 972 972 976 976 976 976 976 976 976 976 976 976 976 976 976 976 971 971 971 987 987 987 987 987
836 836 836 836 836 836 836 836 836 836 836 836 836 836 830 830 830 830 837 837 837 837 837 837 837 838 838 838 838 838 844 844 844 844 844 844 844 844 844 844 844 844 844 844 844 844 844 841 841 841 841 841 841 841 841 841 841 842 842 842 842 842 842 972 972 972 972 972 972 972 972 972 972 976 976 976 976 976 976 976 976 976 976 976 976 971 971 971 971 971 987 987 987 987
836 836 836 836 836 836 836 836 836 836 836 836 836 830 830 830 830 830 830 837 837 837 837 837 838 838 838 838 838 844 844 844 844 844 844 844 844 844 844 844 844 844 844 844 844 841 841 841 841 841 841 841 841 841 841 841 841 842 842 842 842 842 972 972 972 972 972 972 972 972 972 972 972 972 976 976 976 976 976 976 976 976 976 976 976 971 971 971 971 971 971 987 987 987
836 836 836 836 829 829 836 836 836 836 836 836 830 830 830 830 830 830 830 830 837 837 838 838 838 838 838 838 844 844 844 844 844 844 844 844 844 844 844 844 844 844 844 844 841 841 841 841 841 841 841 841 841 841 841 841 842 842 842 842 842 972 972 972 972 972 972 972 972 972 972 972 972 972 972 972 976 976 976 976 976 976 976 976 971 971 971 971 971 971 971 987 987 987
836 836 836 829 829 829 829 836 836 836 836 830 830 830 830 830 830 830 830 1106 1106 838 838 838 838 838 844 844 844 844 844 844 844 844 844 844 844 844 844 844 844 844 844 841 841 841 841 841 841 841 841 841 841 841 841 842 842 842 842 842 842 972 972 972 972 972 972 972 972 972 972 972 972 972 972 972 972 976 976 976 976 976 976 976 971 971 971 971 971 971 971 971 987 987
836 836 829 829 829 829 829 829 836 836 830 830 830 830 830 830 830 830 830 1106 1106 838 838 838 838 844 844 844 844 844 844 844 844 844 844 844 844 844 844 844 844 844 841 841 841 841 841 841 841 841 841 841 841 841 842 842 842 842 842 842 973 973 972 972 972 972 972 972 972 972 972 972 972 972 972 972 972 972 976 976 976 976 976 971 971 971 971 971 971 971 971 971 971 987
836 829 829 829 829 829 829 829 829 830 830 830 830 830 830 830 830 830 1106 1106 1106 1106 838 838 844 844 844 844 844 844 844 844 844 844 844 844 844 844 844 844 844 841 841 841 841 841 841 841 841 841 841 841 841 842 842 842 842 842 842 973 973 973 973 972 972 972 972 972 972 972 972 972 972 972 972 972 972 972 972 976 976 976 976 971 971 971 971 971 971 971 971 971 971 987
836 829 829 829 829 829 829 829 829 830 830 830 830 830 830 830 830 830 1106 1106 1106 1106 1106 844 844 844 844 844 844 844 844 844 844 844 844 844 844 844 844 841 841 841 841 841 841 841 841 841 841 841 841 841 841 842 842 842 842 842 973 973 973 973 973 973 972 972 972 972 972 972 972 972 972 972 972 972 972 972 972 972 976 976 971 971 971 971 971 971 971 971 971 971 971 983
836 836 836 829 829 829 829 829 829 830 830 830 830 830 830 830 830 1106 1106 1106 1106 1106 1106 1106 844 844 844 844 844 844 844 844 844 844 844 844 844 844 841 841 841 841 841 841 841 841 841 841 841 841 841 841 842 842 842 842 842 842 973 973 973 973 973 973 973 972 972 972 972 972 972 972 972 972 972 972 972 972 972 972 972 971 971 971 971 971 971 971 971 971 971 971 971 983
836 836 836 836 829 829 829 829 829 830 830 830 830 830 830 830 1106 1106 1106 1106 1106 1106 1106 1106 844 844 844 844 844 844 844 844 844 844 844 844 844 843 843 841 841 841 841 841 841 841 841 841 841 841 841 842 842 842 842 842 842 973 973 973 974 973 973 973 973 973 972 972 972 972 972 972 972 972 972 972 972 972 972 972 972 971 971 971 971 971 971 971 971 971 971 971 971 971
836 836 836 836 836 829 828 828 828 828 830 830 830 830 830 830 1106 1106 1106 1106 1106 1106 1106 1106 1106 844 844 844 844 844 844 844 844 844 844 844 843 843 843 843 841 841 841 841 841 841 841 841 841 841 842 842 842 842 842 842 974 974 973 974 974 974 973 973 973 973 973 972 972 972 972 972 972 972 972 972 972 972 972 972 971 971 971 971 971 971 971 971 971 971 971 971 971 971
836 836 836 828 828 828 828 828 828 828 828 830 830 830 830 1106 1106 1106 1106 1106 1106 1106 1106 1106 1106 1106 844 844 844 844 844 844 844 844 844 843 843 843 843 843 841 841 841 841 841 841 841 841 841 842 842 842 842 842 842 974 974 974 974 974 974 974 974 974 973 973 944 973 972 972 972 972 972 972 972 972 972 972 972 972 971 971 971 971 971 971 971 971 971 971 971 971 971 971
836 828 828 828 828 828 828 828 828 828 828 831 831 830 1106 1106 1106 1106 1106 1106 1106 1106 1106 1106 1106 1106 1106 844 844 844 844 844 844 844 843 843 843 843 843 843 843 841 841 841 841 841 841 841 841 842 842 842 842 842 974 974 974 974 974 974 974 974 974 974 974 944 944 944 973 973 972 972 972 972 972 972 972 972 972 971 971 971 971 971 971 971 971 971 971 971 971 971 971 971
828 828 828 828 828 828 828 828 828 828 831 831 831 831 1106 1106 1106 1106 1106 1106 1106 1106 1106 1106 1106 1106 1106 844 844 844 844 844 844 843 843 843 843 843 843 843 841 841 841 841 841 841 841 841 842 842 842 842 842 842 974 974 974 974 974 974 974 974 974 974 974 944 944 944 944 944 973 972 972 972 972 972 972 972 972 971 971 971 971 971 971 971 971 971 971 971 971 971 971 971
828 828 828 828 828 828 828 828 828 831 831 831 831 1106 1106 1106 1106 1106 1106 1106 1106 1106 1106 1106 1106 1106 1106 833 844 844 844 843 843 843 843 843 843 843 841 841 841 841 841 841 841 841 841 842 842 842 842 842 842 975 975 974 974 974 974 974 974 974 974 974 944 944 944 944 944 944 944 973 972 972 972 972 972 972 971 971 971 971 971 971 971 971 971 971 971 971 971 971 971 971
828 828 828 828 828 828 828 828 828 831 831 831 831 1106 1106 1106 1106 1106 1106 1106 1106 1106 1106 1106 1106 1106 833 833 833 844 843 843 843 843 843 843 843 841 841 841 841 841 841 841 841 841 841 842 842 842 842 842 938 975 975 975 974 975 975 974 974 974 974 944 944 944 944 944 944 944 944 944 973 972 972 972 972 972 971 971 971 971 971 971 971 971 971 971 971 971 971 971 971 971
828 828 828 828 828 828 828 828 831 831 831 831 832 1106 1106 1106 1106 1106 1106 1106 1106 1106 1106 1106 1106 833 833 833 833 833 843 843 843 843 843 843 841 841 841 841 841 841 841 841 841 841 842 842 842 842 842 938 938 938 975 975 975 975 975 975 974 974 944 944 944 944 944 944 944 944 944 944 944 973 972 972 972 971 971 971 971 971 971 971 971 971 971 971 971 971 971 971 971 971
828 828 828 828 828 828 828 828 831 831 831 832 832 832 1106 1106 1106 1106 1106 1106 1106 1106 1106 1106 1106 833 833 833 833 833 833 843 843 843 843 841 841 841 841 841 841 841 841 841 841 842 842 842 842 842 842 938 938 938 938 975 975 975 975 974 974 974 944 944 944 944 944 944 944 944 944 944 944 944 973 972 973 971 971 971 971 971 971 971 971 971 971 971 971 971 971 971 971 971
828 828 828 828 828 828 828 831 831 831 831 832 832 832 832 1106 1106 1106 1106 1106 1106 1106 1106 1106 833 833 833 833 833 833 833 833 843 841 841 841 841 841 841 841 841 841 841 841 842 842 842 842 842 842 938 938 938 938 938 938 938 974 974 974 974 944 944 944 944 944 944 944 944 944 944 944 944 944 944 973 944 944 971 971 971 971 971 971 971 971 971 971 971 971 971 971 971 971
828 828 828 828 828 828 828 831 831 831 832 832 832 832 832 832 1106 1106 1106 1106 1106 1106 1106 833 833 833 833 833 833 833 833 833 841 841 841 841 841 841 841 841 841 841 841 842 842 842 842 842 842 938 938 938 938 938 938 938 938 974 974 974 974 944 944 944 944 944 944 944 944 944 944 944 944 944 944 944 944 944 944 944 971 971 971 971 971 971 971 971 971 971 971 971 971 971
828 828 828 828 828 828 828 831 831 831 832 832 832 832 832 832 832 1106 1106 1106 1106 1106 1106 833 833 833 833 833 833 833 833 833 833 841 841 841 841 841 841 841 841 841 841 842 842 842 842 842 938 938 938 938 938 938 938 938 938 938 974 974 944 944 944 944 944 944 944 944 944 944 944 944 944 944 944 944 944 944 944 944 944 971 971 971 971 971 971 971 971 971 971 971 971 971
828 828 828 828 828 828 828 831 831 832 832 832 832 832 832 832 832 832 1106 1106 1106 1106 833 833 833 833 833 833 833 833 833 833 833 833 841 841 841 841 841 841 841 841 842 842 842 842 842 842 938 938 938 938 938 938 938 938 938 938 938 938 944 944 944 944 944 944 944 944 944 944 944 944 944 944 944 944 944 944 944 944 944 944 944 971 971 971 971 971 971 971 971 971 971 971
828 828 828 828 828 828 831 831 831 832 832 832 832 832 832 832 832 832 832 1106 1106 1106 833 833 833 833 833 833 833 833 833 833 833 833 833 841 841 841 841 841 841 842 842 842 842 842 842 938 938 938 938 938 938 938 938 938 938 938 938 938 938 944 944 944 944 944 944 944 944 944 944 944 944 944 944 944 944 944 944 944 944 944 944 944 971 971 971 971 971 971 971 971 971 971
828 828 828 828 828 828 831 831 832 832 832 832 832 832 832 832 832 832 832 832 1106 833 833 833 833 833 833 833 833 833 833 833 833 833 833 833 841 841 841 841 842 842 842 842 842 842 938 938 938 938 938 938 938 938 938 938 938 938 938 938 938 943 943 944 944 944 944 944 944 944 944 944 944 944 944 944 944 944 944 944 944 944 944 944 944 970 971 971 971 971 971 971 971 971
828 828 828 828 828 828 831 832 832 832 832 832 832 832 832 832 832 832 832 832 832 833 833 833 833 833 833 833 833 833 833 833 833 833 833 833 833 841 841 841 842 842 842 842 842 938 938 938 938 938 938 938 938 938 938 938 938 938 938 938 938 943 943 943 944 944 944 944 944 944 944 944 944 944 944 944 944 944 944 944 944 944 944 944 945 970 970 970 971 971 971 971 971 971
828 828 828 828 828 828 832 832 832 832 832 832 832 832 832 832 832 832 832 832 832 834 833 833 833 833 833 833 833 833 833 833 833 833 833 833 833 833 841 842 842 842 842 842 938 938 938 938 938 938 938 938 938 938 938 938 938 938 938 938 938 943 943 943 943 943 944 944 944 944 944 944 944 944 944 944 944 944 944 944 944 944 944 945 945 945 945 970 970 970 970 971 971 971
828 828 828 828 828 832 832 832 832 832 832 832 832 832 832 832 832 832 832 832 834 834 834 833 833 833 833 833 833 833 833 833 833 833 833 833 833 833 833 842 842 842 842 842 938 938 938 938 938 938 938 938 938 938 938 938 938 938 938 938 938 943 943 943 943 943 943 944 944 944 944 944 944 944 944 944 944 944 944 944 944 944 944 945 945 945 945 945 945 970 970 970 970 970
828 828 828 828 828 832 832 832 832 832 832 832 832 832 832 832 832 832 832 832 834 834 834 834 834 833 833 833 833 833 833 833 833 833 833 833 833 833 833 842 842 842 842 938 938 938 938 938 938 938 938 938 938 938 938 938 938 938 938 938 943 943 943 943 943 943 943 943 943 944 944 944 944 944 944 944 944 944 944 944 944 944 945 945 945 945 945 945 945 945 945 945 970 970
