gama_workspace/LASCAR/external/laBouderie/data/name.asc
ncols         188
nrows         240
xllcorner     430473.22493409
yllcorner     6901379.7228504
cellsize      10
NODATA_value  -9999
[rows 82 to 122 of 240, columns 94 to 187 of 188]
828 828 828 828 832 832 832 832 832 832 832 832 832 832 832 832 832 832 832 834 834 834 834 834 834 834 833 833 833 833 833 833 833 833 833 833 833 833 833 833 842 842 938 938 938 938 938 938 938 938 938 938 938 938 938 938 938 938 938 938 943 943 943 943 943 943 943 943 943 943 944 944 944 944 944 944 944 944 944 944 944 944 945 945 945 945 945 945 945 945 945 945 945 945
828 828 828 828 832 832 832 832 832 832 832 832 832 832 832 832 832 832 832 834 834 834 834 834 834 834 834 833 833 833 833 833 833 833 833 833 833 833 833 833 833 842 938 938 938 938 938 938 938 938 938 938 938 938 938 938 938 938 938 938 943 943 943 943 943 943 943 943 943 943 943 944 944 944 944 944 944 944 944 944 944 945 945 945 945 945 945 945 945 945 945 945 945 945
828 828 828 828 832 832 832 832 832 832 832 832 832 832 832 832 832 832 834 834 834 834 834 834 834 834 834 834 834 833 833 833 833 833 833 833 833 833 833 833 833 938 938 938 938 938 938 938 938 938 938 938 938 938 938 938 938 938 938 943 943 943 943 943 943 943 943 943 943 943 943 943 943 944 944 944 944 944 944 944 944 945 945 945 945 945 945 945 945 945 945 945 945 945
828 828 828 832 832 832 832 832 832 832 832 832 832 832 832 832 832 832 834 834 834 834 834 834 834 834 834 834 834 834 833 833 833 833 833 833 833 833 833 833 833 938 938 938 938 938 938 938 938 938 938 938 938 938 938 938 938 938 938 943 943 943 943 943 943 943 943 943 943 943 943 943 943 943 944 944 944 944 944 944 945 945 945 945 945 945 945 945 945 945 945 945 945 945
828 828 828 832 832 832 832 832 832 832 832 832 832 832 832 832 832 834 834 834 834 834 834 834 834 834 834 834 834 834 834 833 833 833 833 833 833 833 833 833 938 938 938 938 938 938 938 938 938 938 938 938 938 938 938 938 938 938 938 943 943 943 943 943 943 943 943 943 943 943 943 943 943 943 943 944 944 944 944 944 945 945 945 945 945 945 945 945 945 945 945 945 945 945
828 828 832 832 832 832 832 832 832 832 832 832 832 832 832 832 832 834 834 834 834 834 834 834 834 834 834 834 834 834 834 834 834 833 833 833 833 833 833 833 938 938 938 938 938 938 938 938 938 938 938 938 938 938 938 938 938 938 943 943 943 943 943 943 943 943 943 943 943 943 943 943 943 943 943 943 943 944 944 945 945 945 945 945 945 945 945 945 945 945 945 945 945 945
828 828 832 832 832 832 832 832 832 832 832 832 832 832 832 832 834 834 834 834 834 834 834 834 834 834 834 834 834 834 834 834 834 834 833 833 833 833 833 938 938 938 938 938 938 938 938 938 938 938 938 938 938 938 938 938 938 938 943 943 943 943 943 943 943 943 943 943 943 943 943 943 943 943 943 943 943 943 944 945 945 945 945 945 945 945 945 945 945 945 945 945 945 945
828 828 832 832 832 832 832 832 832 832 832 832 832 832 832 832 835 835 834 834 834 834 834 834 834 834 834 834 834 834 834 834 834 834 834 834 833 833 833 938 938 938 938 938 938 938 938 938 938 938 938 938 938 938 938 938 938 943 943 943 943 943 943 943 943 943 943 943 943 943 943 943 943 943 943 943 943 943 945 945 945 945 945 945 945 945 945 945 945 945 945 945 945 945
828 832 832 832 832 832 832 832 832 832 832 832 832 832 832 835 835 835 835 834 834 834 834 834 834 834 834 834 834 834 834 834 834 834 834 834 834 833 938 938 938 938 938 938 938 938 938 938 938 938 938 938 938 938 938 938 938 943 943 943 943 943 943 943 943 943 943 943 943 943 943 943 943 943 943 943 943 943 945 945 945 945 945 945 945 945 945 945 945 945 945 945 945 945
828 832 832 832 832 832 832 832 832 832 832 832 832 832 832 835 835 835 835 835 835 834 834 834 834 834 834 834 834 834 834 834 834 834 834 834 834 834 938 938 938 938 938 938 938 938 938 938 938 938 938 938 938 938 938 938 938 943 943 943 943 943 943 943 943 943 943 943 943 943 943 943 943 943 943 943 943 943 945 945 945 945 945 945 945 945 945 945 945 945 945 945 945 945
828 832 832 832 832 832 832 832 832 832 832 832 832 832 832 835 835 835 835 835 835 835 835 834 834 834 834 834 834 834 834 834 834 834 834 834 834 937 937 937 938 938 938 938 938 938 938 938 938 938 938 938 938 938 938 938 943 943 943 943 943 943 943 943 943 943 943 943 943 943 943 943 943 943 943 943 943 945 945 945 945 945 945 945 945 945 945 945 945 945 945 945 945 945
828 832 832 832 832 832 832 832 832 832 832 832 832 832 835 835 835 835 835 835 835 835 835 835 835 834 834 834 834 834 834 834 834 834 834 834 834 937 937 937 937 937 938 938 938 938 938 938 938 938 938 938 938 938 938 938 943 943 943 943 943 943 943 943 943 943 943 943 943 943 943 943 943 943 943 943 943 945 945 945 945 945 945 945 945 945 945 945 945 945 945 945 945 945
832 832 832 832 832 832 832 832 832 832 832 832 832 832 835 835 835 835 835 835 835 835 835 835 835 835 835 834 834 834 834 834 834 834 834 834 937 937 937 937 937 937 937 937 937 938 938 938 938 938 938 938 938 938 938 939 939 939 939 939 939 939 939 943 943 943 943 943 943 943 943 943 943 943 943 943 945 945 945 945 945 945 945 945 945 945 945 945 945 945 945 945 945 945
895 895 832 832 832 832 832 832 832 832 832 832 832 835 835 835 835 835 835 835 835 835 835 835 835 835 835 835 835 834 834 834 834 834 834 834 937 937 937 937 937 937 937 937 937 937 937 938 938 938 938 938 938 938 938 939 939 939 939 939 939 939 939 939 939 939 939 939 939 939 939 939 943 943 943 943 945 945 945 945 945 945 945 945 945 945 945 945 945 945 945 945 945 945
895 895 895 895 895 895 832 832 832 832 832 832 832 835 835 835 835 835 835 835 835 835 835 835 835 835 835 835 835 835 835 834 834 834 834 937 937 937 937 937 937 937 937 937 937 937 937 937 937 938 938 938 938 938 938 939 939 939 939 939 939 939 939 939 939 939 939 939 939 939 939 939 939 939 939 939 945 945 945 945 945 945 945 945 945 945 945 945 945 945 945 945 945 945
895 895 895 895 895 895 895 895 895 832 832 832 832 835 835 835 835 835 835 835 835 835 835 835 835 835 835 835 835 835 835 835 835 834 834 936 937 937 937 937 937 937 937 937 937 937 937 937 937 937 937 937 938 938 939 939 939 939 939 939 939 939 939 939 939 939 939 939 939 939 939 939 939 939 939 939 946 945 945 945 945 945 945 945 945 945 945 945 945 945 945 945 945 945
895 895 895 895 895 895 895 895 895 895 895 895 891 835 835 835 835 835 835 835 835 835 835 835 835 835 835 835 835 835 835 835 835 835 835 936 936 936 936 937 937 937 937 937 937 937 937 937 937 937 937 937 933 939 939 939 939 939 939 939 939 939 939 939 939 939 939 939 939 939 939 939 939 939 939 939 946 946 946 945 945 945 945 945 945 945 945 945 945 945 945 945 945 945
895 895 895 895 895 895 895 895 895 895 895 895 891 891 891 835 835 835 835 835 835 835 835 835 835 835 835 835 835 835 835 835 835 835 936 936 936 936 936 936 936 936 937 937 937 937 937 937 937 937 933 933 933 939 939 939 939 939 939 939 939 939 939 939 939 939 939 939 939 939 939 939 939 939 939 939 946 946 946 946 946 945 945 945 945 945 945 945 945 945 945 945 945 945
895 895 895 895 895 895 895 895 895 895 895 891 891 891 891 891 835 835 835 835 835 835 835 835 835 835 835 835 835 835 835 835 835 835 936 936 936 936 936 936 936 936 936 936 937 937 937 937 933 933 933 933 933 933 940 940 940 940 940 940 939 939 939 939 939 939 939 939 939 939 939 939 939 939 939 939 946 946 946 946 946 947 947 945 945 945 945 945 945 945 945 945 945 945
895 895 895 895 895 895 895 895 895 895 895 891 891 891 891 891 891 891 835 835 835 835 835 835 835 835 835 835 835 835 835 835 835 936 936 936 936 936 936 936 936 936 936 936 936 936 933 933 933 933 933 933 933 940 940 940 940 940 940 940 940 940 940 940 940 940 939 939 939 939 939 939 939 939 939 946 946 946 946 946 946 947 947 947 947 945 945 945 945 945 945 945 945 945
894 894 895 895 895 895 895 895 895 895 891 891 891 891 891 891 891 891 891 891 835 835 835 835 835 835 835 835 835 835 835 835 835 936 936 936 936 936 936 936 936 936 936 936 936 936 933 933 933 933 933 933 933 940 940 940 940 940 940 940 940 940 940 940 940 940 940 940 940 940 940 940 940 939 939 946 946 946 946 946 946 946 947 947 947 947 947 1182 1182 1182 945 945 945 945
894 894 894 894 895 895 895 895 895 895 891 891 891 891 891 891 891 891 891 891 891 891 835 835 835 835 835 835 835 835 835 835 936 936 936 936 936 936 936 936 936 936 936 936 936 933 933 933 933 933 933 933 933 940 940 940 940 940 940 940 940 940 940 940 940 940 940 940 940 940 940 940 940 940 940 941 941 946 946 946 946 946 946 946 947 947 947 1182 1182 1182 1182 1182 1182 945
894 894 894 894 894 894 895 895 895 895 892 892 891 891 891 891 891 891 891 891 891 891 891 891 835 835 835 835 835 835 835 835 935 935 936 936 936 936 936 936 936 936 936 936 936 933 933 933 933 933 933 933 940 940 940 940 940 940 940 940 940 940 940 940 940 940 940 940 940 940 940 940 940 940 940 941 941 941 941 946 946 946 946 946 947 947 1182 1182 1182 1182 1182 1182 1182 948
894 894 894 894 894 894 894 894 895 892 892 892 892 892 891 891 891 891 891 891 891 891 891 891 891 891 835 835 835 835 835 935 935 935 935 935 935 936 936 936 936 936 936 936 933 933 933 933 933 933 933 933 940 940 940 940 940 940 940 940 940 940 940 940 940 940 940 940 940 940 940 940 940 940 940 941 941 941 941 941 941 946 946 946 946 946 1182 1182 1182 1182 1182 1182 1182 948
894 894 894 894 894 894 894 894 894 892 892 892 892 892 892 892 891 891 891 891 891 891 891 891 891 891 891 891 835 835 835 935 935 935 935 935 935 935 935 935 935 936 936 936 933 933 933 933 933 933 933 933 940 940 940 940 940 940 940 940 940 940 940 940 940 940 940 940 940 940 940 940 940 940 940 941 941 941 941 941 941 941 941 946 946 946 1182 1182 1182 1182 1182 1182 1182 1182
894 894 894 894 894 894 894 894 892 892 892 892 892 892 892 892 892 892 891 891 891 891 891 891 891 891 891 891 891 891 935 935 935 935 935 935 935 935 935 935 935 935 935 933 933 933 933 933 933 933 933 940 940 940 940 940 940 940 940 940 940 940 940 940 940 940 940 940 940 940 940 940 940 940 940 941 941 941 941 941 941 941 941 941 941 946 1182 1182 1182 1182 1182 1182 1182 1182
894 894 894 894 894 894 894 894 892 892 892 892 892 892 892 892 892 892 892 892 891 891 891 891 891 891 891 891 891 891 935 935 935 935 935 935 935 935 935 935 935 935 935 933 933 933 933 933 933 933 933 932 932 940 940 940 940 940 940 940 940 940 940 940 940 940 940 940 940 940 940 940 940 940 940 941 941 941 941 941 941 941 941 941 941 941 1182 1182 1182 1182 1182 1182 1182 1182
894 894 894 894 894 894 894 892 892 892 892 892 892 892 892 892 892 892 892 892 892 892 891 891 891 891 891 891 891 935 935 935 935 935 935 935 935 935 935 935 935 935 935 933 933 933 933 933 933 933 932 932 932 932 932 932 940 940 940 940 940 940 940 940 940 940 940 940 940 940 940 940 940 940 941 941 941 941 941 941 941 941 941 941 941 941 1182 1182 1182 1182 1182 1182 1182 1182
894 894 894 894 894 894 894 892 892 892 892 892 892 892 892 892 892 892 892 892 892 892 892 892 891 891 891 891 891 934 934 935 935 935 935 935 935 935 935 935 935 935 935 933 933 933 933 933 933 933 932 932 932 932 932 932 932 932 932 940 940 940 940 940 940 940 940 940 940 940 940 940 940 940 941 941 941 941 941 941 941 941 941 941 941 941 1182 1182 1182 1182 1182 1182 1182 1182
894 894 894 894 894 894 893 893 892 892 892 892 892 892 892 892 892 892 892 892 892 892 892 892 892 892 891 891 934 934 934 934 934 934 935 935 935 935 935 935 935 935 933 933 933 933 933 933 933 933 932 932 932 932 932 932 932 932 932 932 932 932 932 940 940 940 940 940 940 940 940 940 940 940 941 941 941 941 941 941 941 941 941 941 941 941 941 941 1182 1182 942 942 942 942
894 894 894 894 894 894 893 893 893 893 892 892 892 892 892 892 892 892 892 892 892 892 892 892 892 892 892 892 934 934 934 934 934 934 934 934 934 935 935 935 935 935 933 933 933 933 933 933 933 932 932 932 932 932 932 932 932 932 932 932 932 932 932 932 932 932 940 940 940 940 940 940 940 940 941 941 941 941 941 941 941 941 941 941 941 941 941 941 941 942 942 942 942 942
894 894 894 894 894 893 893 893 893 893 893 893 892 892 892 892 892 892 892 892 892 892 892 892 892 892 892 934 934 934 934 934 934 934 934 934 934 934 934 934 935 935 933 933 933 933 933 933 933 932 932 932 932 932 932 932 932 932 932 932 932 932 932 932 932 932 932 932 932 932 940 940 940 941 941 941 941 941 941 941 941 941 941 941 941 941 941 941 942 942 942 942 942 942
894 894 894 894 894 893 893 893 893 893 893 893 893 893 892 892 892 892 892 892 892 892 892 892 892 892 892 934 934 934 934 934 934 934 934 934 934 934 934 934 934 933 933 933 933 933 933 933 932 932 932 932 932 932 932 932 932 932 932 932 932 932 932 932 932 932 932 932 932 932 932 932 932 941 941 941 941 941 941 941 941 941 941 941 941 941 941 942 942 942 942 942 942 942
894 894 894 894 893 893 893 893 893 893 893 893 893 893 893 893 892 892 892 892 892 892 892 892 892 892 892 927 927 927 934 934 934 934 934 934 934 934 934 934 934 933 933 933 933 933 933 933 932 932 932 932 932 932 932 932 932 932 932 932 932 932 932 932 932 932 932 932 932 932 932 932 941 941 941 941 941 941 941 941 941 941 941 941 941 941 941 942 942 942 942 942 942 942
904 904 894 894 893 893 893 893 893 893 893 893 893 893 893 893 893 893 892 892 892 892 892 892 892 892 927 927 927 927 927 927 927 934 934 934 934 934 934 934 933 933 933 933 933 933 933 933 932 932 932 932 932 932 932 932 932 932 932 932 932 932 932 932 932 932 932 932 932 932 932 932 941 941 941 941 941 941 941 941 941 941 941 941 941 941 942 942 942 942 942 942 942 942
904 904 904 904 893 893 893 893 893 893 893 893 893 893 893 893 893 893 893 893 892 892 892 892 892 892 927 927 927 927 927 927 927 928 928 928 934 934 934 934 933 933 933 933 933 933 933 933 932 932 932 932 932 932 932 932 932 932 932 932 932 932 932 932 932 932 932 932 932 932 932 941 941 941 941 941 941 941 941 941 941 941 941 941 941 942 942 942 942 942 942 942 942 942
904 904 904 904 904 904 893 893 893 893 893 893 893 893 893 893 893 893 893 893 893 893 892 892 892 927 927 927 927 927 927 927 928 928 928 928 928 928 928 933 933 933 933 933 933 933 933 932 932 932 932 932 932 932 932 932 932 932 932 932 932 932 932 932 932 932 932 932 932 932 932 941 941 941 941 941 941 941 941 941 941 941 941 941 942 942 942 942 942 942 942 942 942 942
904 904 904 904 904 904 904 893 893 893 893 893 893 893 893 893 893 893 893 893 893 893 893 893 892 927 927 927 927 927 927 927 928 928 928 928 928 928 931 931 931 931 933 933 933 933 933 932 932 932 932 932 932 932 932 932 932 932 932 932 932 932 932 932 932 932 932 932 932 932 932 941 941 941 941 941 941 941 941 941 941 941 941 941 942 942 942 942 942 942 942 942 942 942
904 904 904 904 904 904 904 905 905 893 893 893 893 893 893 893 893 893 893 893 893 893 893 893 927 927 927 927 927 927 927 928 928 928 928 928 928 931 931 931 931 931 931 931 931 933 932 932 932 932 932 932 932 932 932 932 932 932 932 932 932 932 932 932 932 932 932 932 932 932 941 941 941 941 941 941 941 941 941 941 941 941 941 942 942 942 942 942 942 942 942 942 942 942
904 904 904 904 904 904 905 905 905 905 905 893 893 893 893 893 893 893 893 893 893 893 893 893 927 927 927 927 927 927 927 928 928 928 928 928 928 931 931 931 931 931 931 931 931 931 932 932 932 932 932 932 932 932 932 932 932 932 932 932 932 932 932 932 932 932 932 932 932 932 941 941 941 941 941 941 941 941 941 941 941 941 941 942 942 942 942 942 942 942 942 942 942 942
904 904 904 904 904 904 905 905 905 905 905 905 905 893 893 893 893 893 893 893 893 893 893 927 927 927 927 927 927 927 928 928 928 928 928 928 931 931 931 931 931 931 931 931 931 932 932 932 932 932 932 932 932 932 932 932 932 932 932 932 932 932 932 932 932 932 932 932 932 932 941 941 941 941 941 941 941 941 941 941 941 941 942 942 942 942 942 942 942 942 942 942 942 942
