gama_workspace/LASCAR/external/laLingevres/data/mnt.asc
ncols         582
nrows         482
xllcorner     429493.41068981
yllcorner     6900303.4472698
cellsize      10
NODATA_value  -9999
[rows 280 to 307 of 482, columns 390 to 454 of 582]
107.6419 107.049 106.4874 105.8853 105.2435 104.5748 103.8705 103.145 102.4009 101.6591 100.9281 100.2363 99.60256 99.06207 98.63357 98.32687 98.15484 98.09988 98.12005 98.16745 98.20587 98.19643 98.3054 98.44435 98.73447 99.28927 99.52252 99.73569 100.1344 100.408 100.5154 101.1864 101.9237 102.6198 102.9565 103.0663 103.1159 103.188 103.0852 103.1096 103.1146 102.8262 102.495 102.1631 101.59 101.5025 101.5182 101.5164 101.6714 102.2296 102.6568 102.986 103.1995 103.3219 103.3498 103.2626 102.7954 102.3732 102.2856 102.2216 101.7383 101.175 100.7009 100.4334 100.0366
107.6014 107.0003 106.4013 105.7569 105.0935 104.4226 103.7205 102.99 102.2511 101.5116 100.7914 100.1124 99.51364 99.02223 98.64922 98.3988 98.27508 98.2384 98.24598 98.22932 98.18824 98.18987 98.18452 98.22892 98.51359 99.07704 99.40513 99.72536 100.0801 100.0784 100.2511 101.2704 102.1743 102.9771 103.3686 103.4179 103.6887 103.9023 103.7599 103.6211 103.6993 103.5153 103.2357 102.908 102.4648 101.9624 101.5522 101.519 101.8558 102.3275 102.7215 103.0196 103.2064 103.2693 103.1811 102.9407 102.6073 102.3495 102.2854 102.1063 101.633 101.1317 100.6733 100.3256 99.92429
107.7324 107.0316 106.3499 105.6397 104.9536 104.2984 103.5978 102.8516 102.105 101.3755 100.6719 100.017 99.44986 99.0023 98.68375 98.49236 98.41 98.39136 98.3885 98.31513 98.18162 98.1898 98.1898 98.19031 98.19785 98.53974 98.92294 99.48912 99.99548 100.0727 100.4669 101.5455 102.4864 103.2389 103.6338 103.8194 104.2344 104.562 104.4205 104.1078 104.0458 103.9308 103.7007 103.447 103.1988 102.8376 102.1218 101.8608 102.1178 102.4902 102.8376 103.1013 103.2513 103.257 103.0891 102.8219 102.5509 102.3429 102.2303 101.9311 101.4719 101.0402 100.5804 100.1093 99.77969
107.8054 106.9879 106.2953 105.5765 104.8662 104.2516 103.5396 102.7059 101.9566 101.2496 100.5644 99.93573 99.40151 99.00086 98.73697 98.60294 98.55936 98.56696 98.56351 98.47295 98.25753 98.1843 98.18983 98.1898 98.19028 98.18513 98.577 99.30231 100.0328 100.5129 101.1068 102.0072 102.8627 103.5213 103.9404 104.2501 104.6235 104.8934 104.8575 104.6311 104.4054 104.1857 103.9347 103.6519 103.3646 103.0385 102.5276 102.282 102.4149 102.6978 102.9976 103.2215 103.336 103.3019 103.1187 102.7951 102.5284 102.3104 102.1017 101.7467 101.296 100.9409 100.4134 99.8675 99.63466
107.4497 106.7317 106.0609 105.4061 104.7114 104.2926 103.5295 102.5198 101.7927 101.1135 100.4578 99.862 99.3685 99.01623 98.80936 98.73021 98.73675 98.77731 98.7916 98.72494 98.56226 98.33973 98.23107 98.20364 98.25519 98.48089 98.97742 99.72283 100.5119 101.1898 101.8637 102.6013 103.3003 103.8559 104.2709 104.6239 104.948 105.1676 105.1646 104.9693 104.69 104.3912 104.0926 103.8022 103.5137 103.1955 102.8411 102.6474 102.7111 102.9356 103.1921 103.3799 103.4489 103.3713 103.1947 102.8073 102.5466 102.2867 101.9916 101.569 101.1304 100.7923 100.2926 99.69607 99.43761
106.9667 106.3884 105.7133 105.0956 104.5441 104.0676 103.2034 102.2816 101.6181 100.976 100.3525 99.79314 99.34509 99.04987 98.90224 98.8784 98.94284 99.02708 99.08328 99.06575 98.97121 98.83355 98.72368 98.70628 98.843 99.16447 99.70766 100.4435 101.2494 101.9959 102.6534 103.2471 103.7662 104.2107 104.5885 104.9356 105.2313 105.4168 105.4165 105.2228 104.9141 104.5673 104.2291 103.9294 103.6573 103.3705 103.1093 102.9674 103.004 103.1838 103.4037 103.5668 103.5665 103.3819 103.1719 102.9013 102.66 102.3445 101.9002 101.3954 100.8809 100.4761 100.0576 99.57639 99.32806
106.6068 106.0737 105.3836 104.7968 104.3178 103.7346 102.927 102.0948 101.4575 100.8353 100.253 99.73676 99.34686 99.11043 99.0236 99.06378 99.18343 99.3304 99.44343 99.4827 99.44812 99.37962 99.33721 99.39664 99.60147 99.98683 100.5695 101.3196 102.1297 102.871 103.4574 103.8816 104.2171 104.5408 104.8707 105.1935 105.4729 105.6388 105.633 105.4357 105.0988 104.7089 104.3446 104.0387 103.7763 103.5334 103.3357 103.2407 103.2701 103.4301 103.6302 103.7666 103.6847 103.3653 103.2045 103.0286 102.7732 102.3979 101.8267 101.2651 100.7269 100.2971 99.91636 99.60699 99.39684
106.377 105.8302 105.1496 104.6369 104.157 103.4261 102.6675 101.9769 101.3149 100.7281 100.1846 99.72044 99.39235 99.22123 99.20105 99.30214 99.48145 99.68609 99.85671 99.95484 99.97769 99.96671 99.98203 100.1021 100.3705 100.8056 101.4228 102.2014 103.0277 103.7456 104.2231 104.4491 104.5943 104.8108 105.0976 105.3876 105.6331 105.7858 105.7879 105.6008 105.2471 104.8192 104.4262 104.1233 103.8826 103.684 103.5338 103.4763 103.5206 103.6673 103.8571 103.9695 103.7983 103.3736 103.2761 103.0733 102.7923 102.3982 101.8094 101.2363 100.7298 100.2748 99.92933 99.73602 99.59288
106.4876 105.8671 105.1246 104.549 104.0356 103.1561 102.438 101.8389 101.2306 100.6734 100.171 99.76269 99.50517 99.40582 99.44968 99.60862 99.84625 100.1001 100.3239 100.4715 100.5405 100.5723 100.635 100.7956 101.1052 101.571 102.188 102.9724 103.8464 104.5527 104.9408 104.8538 104.7968 104.9848 105.2386 105.486 105.6874 105.8275 105.8491 105.7137 105.3565 104.8883 104.483 104.1898 103.9816 103.8121 103.7022 103.6751 103.7482 103.889 104.0714 104.1502 103.8913 103.4369 103.2193 102.9385 102.6543 102.3667 101.8438 101.2906 100.8223 100.3446 100.0306 99.8946 99.71716
106.6626 105.9643 105.1578 104.5061 103.9506 103.0497 102.3909 101.8211 101.2311 100.6943 100.228 99.88744 99.69915 99.67108 99.77928 99.98932 100.2657 100.5623 100.8276 101.012 101.1133 101.1797 101.273 101.4596 101.7851 102.2421 102.8243 103.5351 104.3184 104.924 105.2133 104.8479 104.7949 105.0592 105.2825 105.4407 105.6204 105.7584 105.8074 105.7328 105.4229 104.9074 104.4723 104.2359 104.0798 103.9194 103.8461 103.8597 103.9488 104.0926 104.2249 104.2831 104.0073 103.4929 103.1422 102.7887 102.5462 102.3532 101.9305 101.3985 100.9058 100.4705 100.1453 99.92779 99.60287
106.8269 106.1288 105.3364 104.7378 104.0978 103.1999 102.5077 101.8952 101.3158 100.7944 100.3745 100.096 99.98081 100.0195 100.1762 100.4242 100.7286 101.0511 101.345 101.5513 101.6802 101.7654 101.8765 102.0718 102.3905 102.8063 103.2963 103.8351 104.2358 104.4091 104.3858 104.401 104.6343 104.9434 105.0921 105.2301 105.4502 105.5957 105.6534 105.6149 105.4144 104.8901 104.411 104.3152 104.1962 104.0333 103.9735 104.0202 104.1416 104.289 104.3527 104.323 104.0943 103.676 103.2411 102.8214 102.5208 102.3416 101.9821 101.4513 100.9216 100.5186 100.2332 99.88639 99.41548
106.9523 106.2204 105.4544 104.941 104.256 103.3838 102.6568 102.0133 101.4478 100.9602 100.5914 100.3784 100.3302 100.4202 100.6152 100.8784 101.1951 101.533 101.838 102.069 102.218 102.3238 102.4444 102.6355 102.9263 103.2748 103.6432 103.949 104.0126 103.9798 103.9864 104.0832 104.4664 104.6241 104.6418 104.984 105.2601 105.4008 105.4233 105.3249 105.0962 104.5286 104.3182 104.3712 104.3241 104.1354 104.1007 104.1697 104.3096 104.463 104.4697 104.2968 104.1063 103.8215 103.4624 103.006 102.5438 102.299 101.9394 101.4385 100.9081 100.449 100.1984 99.7996 99.25173
106.8455 106.0622 105.4069 104.9402 104.2038 103.3453 102.7301 102.1327 101.614 101.1767 100.8669 100.7164 100.7205 100.8489 101.0611 101.3287 101.6402 101.9759 102.2955 102.5515 102.7267 102.8522 102.9815 103.1647 103.4128 103.6887 103.9325 104.0551 104.0022 103.9979 103.9975 104.0622 104.4319 104.6105 104.6727 104.8935 105.1213 105.222 105.1777 104.965 104.5173 104.3174 104.3284 104.3404 104.36 104.2422 104.24 104.3171 104.4664 104.6358 104.5934 104.3102 104.1151 103.8479 103.5807 103.1128 102.5403 102.1435 101.7636 101.3547 100.9491 100.5184 100.2629 99.86922 99.33029
106.5815 105.8311 105.234 104.7644 103.9983 103.2309 102.7356 102.2341 101.7895 101.4263 101.1831 101.0914 101.1344 101.2811 101.4966 101.7506 102.0482 102.3786 102.7093 102.9965 103.2098 103.3576 103.4941 103.6737 103.8833 104.0892 104.2359 104.2652 104.1705 104.0541 104.0833 104.3434 104.661 104.8489 104.9222 104.9915 105.0986 105.128 105.0213 104.741 104.3365 104.3284 104.3284 104.3255 104.3793 104.3853 104.3944 104.4576 104.5892 104.7682 104.7412 104.3544 104.0639 103.7382 103.4782 103.0286 102.4396 101.9974 101.6204 101.2816 100.9557 100.6757 100.4532 100.048 99.52376
106.3868 105.6685 105.0497 104.6225 103.8964 103.1961 102.7242 102.3173 101.9616 101.686 101.5176 101.475 101.5478 101.7025 101.9033 102.1431 102.4238 102.7446 103.0798 103.4111 103.6866 103.8607 104.0013 104.1779 104.3619 104.512 104.6006 104.6074 104.5559 104.5277 104.6219 104.8507 105.0927 105.2335 105.2592 105.2323 105.2087 105.1684 105.0406 104.7799 104.4299 104.3156 104.3207 104.3534 104.5144 104.566 104.5877 104.621 104.6824 104.7665 104.6769 104.3713 103.9949 103.5874 103.3479 102.9533 102.4203 101.9692 101.5253 101.2301 100.9838 100.8614 100.6975 100.2137 99.66483
106.3913 105.6241 104.9792 104.5577 103.8239 103.1566 102.712 102.3865 102.1249 101.9424 101.8563 101.8628 101.9575 102.1083 102.2951 102.5158 102.7832 103.0918 103.4361 103.7994 104.1768 104.3803 104.5098 104.6947 104.8627 104.9879 105.0528 105.0698 105.0744 105.1232 105.2582 105.461 105.642 105.7155 105.6611 105.5471 105.4505 105.3689 105.2533 105.0668 104.8156 104.6071 104.5618 104.6748 104.7943 104.83 104.8193 104.8042 104.7864 104.7113 104.5449 104.4428 104.0375 103.5395 103.2985 102.9705 102.4925 101.9808 101.5162 101.2359 101.0983 101.0683 100.8443 100.2297 99.72143
106.5411 105.725 104.9594 104.2228 103.6182 103.0807 102.712 102.4533 102.2818 102.1961 102.1935 102.2524 102.3701 102.5164 102.6894 102.8942 103.1508 103.4578 103.8016 104.1715 104.6519 104.943 105.0419 105.2387 105.3965 105.5112 105.5834 105.6276 105.6872 105.7902 105.9475 106.1227 106.2397 106.2307 106.0974 105.9136 105.7961 105.7205 105.6422 105.5233 105.3629 105.2148 105.1438 105.1485 105.1724 105.1637 105.1055 105.046 104.9909 104.8161 104.5967 104.5084 104.0771 103.5914 103.4141 103.1094 102.6165 102.109 101.6194 101.3159 101.1749 101.0509 100.7271 100.1899 99.74001
106.4988 105.5995 104.7125 103.9493 103.427 103.013 102.7143 102.5307 102.4369 102.4462 102.5298 102.6615 102.7977 102.9475 103.1074 103.3079 103.5593 103.8648 104.2118 104.5834 104.9789 105.3473 105.6084 105.8118 105.9527 106.0691 106.1648 106.244 106.3498 106.5027 106.6726 106.782 106.8344 106.7445 106.5339 106.3343 106.2289 106.1943 106.1618 106.0972 105.9866 105.8634 105.7707 105.7018 105.6352 105.5396 105.4316 105.3374 105.3292 105.0679 104.7828 104.6857 104.2305 103.7778 103.5852 103.2289 102.8018 102.2667 101.7156 101.4153 101.2297 100.929 100.5037 100.1314 99.75108
106.3039 105.2719 104.4097 103.7486 103.2948 102.9679 102.7455 102.6226 102.6012 102.6933 102.8803 103.0854 103.2629 103.4201 103.5833 103.782 104.0325 104.3376 104.6942 105.0645 105.4299 105.8601 106.2647 106.4324 106.5164 106.6466 106.748 106.8582 107.0035 107.2143 107.3902 107.3735 107.2612 107.1159 106.9427 106.7591 106.7205 106.7409 106.7543 106.7234 106.6496 106.5326 106.4115 106.2854 106.1401 105.9655 105.7773 105.6657 105.6731 105.3483 105.1088 104.9978 104.5807 104.1006 103.7639 103.3467 102.9633 102.4176 101.8919 101.5313 101.2581 100.8146 100.318 100.1101 99.79778
106.0113 104.828 104.045 103.5671 103.2099 102.9599 102.8061 102.7443 102.7744 102.9358 103.2324 103.5407 103.7711 103.9387 104.1067 104.3126 104.5695 104.8801 105.2375 105.6322 106.0715 106.6059 107.1548 107.1499 107.1048 107.2115 107.3153 107.4343 107.5998 107.807 107.9662 107.7118 107.4005 107.3469 107.3998 107.234 107.2487 107.3194 107.3741 107.3745 107.3069 107.1933 107.0433 106.8638 106.6428 106.3924 106.1272 105.9903 105.9211 105.6422 105.4536 105.3101 104.9542 104.4208 103.9289 103.4814 103.0278 102.4843 101.9515 101.56 101.2452 100.7051 100.1616 100.0858 99.75845
105.6941 104.4201 103.7645 103.4288 103.1731 102.9992 102.9189 102.9095 102.9834 103.1958 103.577 104.0291 104.3022 104.4923 104.6745 104.8951 105.1616 105.4743 105.8359 106.2541 106.764 107.3429 107.917 107.8613 107.7178 107.769 107.8535 107.9659 108.1148 108.2489 108.0739 107.7596 107.574 107.5811 107.7317 107.7173 107.7944 107.9046 107.9879 108.0029 107.9379 107.8094 107.6254 107.3898 107.1107 106.794 106.467 106.1988 105.9938 105.8633 105.7599 105.5036 105.14 104.5903 104.059 103.6642 103.1088 102.4736 101.9565 101.6305 101.3283 100.7132 100.1335 99.9633 99.65823
105.389 104.1871 103.6089 103.3484 103.1868 103.0971 103.0939 103.1371 103.2462 103.4545 103.9101 104.5162 104.837 105.0593 105.2706 105.5084 105.7854 106.1007 106.4654 106.8941 107.3922 107.9253 108.3578 108.3864 108.2937 108.3028 108.3616 108.4561 108.5775 108.6131 108.3519 108.0716 107.9113 107.8105 108.0131 108.1947 108.3524 108.4789 108.5633 108.5722 108.4983 108.3505 108.1313 107.8545 107.5196 107.1563 106.7823 106.3569 106.0828 106.0512 105.9093 105.5379 105.1722 104.6391 104.1339 103.7533 103.2037 102.57 102.0601 101.7578 101.4516 100.76 100.1252 99.91645 99.65978
105.115 104.1195 103.5704 103.3426 103.2543 103.2591 103.3416 103.4622 103.5918 103.7741 104.221 104.9212 105.351 105.6258 105.8694 106.1344 106.4299 106.7501 107.1094 107.5177 107.9838 108.4422 108.751 108.8496 108.817 108.8052 108.8433 108.9311 109.0257 109.0538 108.9583 108.8512 108.6843 108.4949 108.5447 108.7226 108.8912 109.0181 109.0856 109.0774 108.9699 108.7965 108.5399 108.2303 107.8612 107.4709 107.0581 106.5727 106.2716 106.2416 105.9632 105.5358 105.2269 104.7297 104.2001 103.7788 103.2679 102.7017 102.1889 101.8869 101.5458 100.8574 100.236 99.99711 99.67986
104.9454 104.1248 103.6095 103.4022 103.3766 103.4806 103.6595 103.8895 104.1293 104.2545 104.5193 105.2718 105.8559 106.1841 106.4659 106.759 107.0706 107.3907 107.7375 108.1273 108.5431 108.9233 109.186 109.2904 109.2945 109.2908 109.3286 109.4152 109.5126 109.5784 109.5752 109.531 109.3975 109.2157 109.1697 109.2765 109.4092 109.5107 109.5437 109.5012 109.3693 109.1549 108.8672 108.5293 108.1682 107.7547 107.3237 106.9356 106.6837 106.48 106.0214 105.5983 105.3288 104.8474 104.201 103.7073 103.3348 102.8689 102.336 102.0537 101.6762 101.0629 100.4923 100.0782 99.61768
104.8528 104.1344 103.6916 103.514 103.5525 103.7516 104.0565 104.4329 104.8434 104.8 104.9185 105.6554 106.357 106.7192 107.0427 107.3676 107.6947 108.0149 108.3517 108.713 109.0823 109.4045 109.62 109.7329 109.7594 109.7708 109.8203 109.922 110.041 110.1325 110.1697 110.1342 110.0135 109.8623 109.7867 109.8235 109.8978 109.9572 109.9463 109.8599 109.6913 109.4359 109.1276 108.7724 108.4186 108.0373 107.5882 107.3801 107.1462 106.6892 106.0936 105.6659 105.4486 104.9307 104.1893 103.6274 103.3092 102.8589 102.3852 102.1656 101.7876 101.2256 100.6794 100.1067 99.49332
104.7949 104.1565 103.7913 103.6707 103.7791 104.066 104.5033 105.0104 105.4322 105.4816 105.6395 106.257 106.8719 107.2238 107.5999 107.9576 108.2841 108.6061 108.9402 109.28 109.6068 109.8798 110.0587 110.1549 110.2034 110.2483 110.3302 110.4596 110.59 110.6897 110.7228 110.6816 110.5614 110.4336 110.344 110.3295 110.3474 110.3567 110.3075 110.1781 109.9685 109.6929 109.3571 108.9988 108.648 108.317 107.9142 107.7916 107.5095 106.813 106.1828 105.7153 105.4227 104.9485 104.1836 103.5998 103.2223 102.7853 102.3758 102.137 101.7719 101.2718 100.7331 99.98636 99.37691
104.7324 104.1996 103.9153 103.8762 104.0567 104.4171 104.9576 105.5903 105.987 106.2572 106.6017 107.0771 107.3914 107.6926 108.1508 108.5079 108.8293 109.1514 109.4897 109.8201 110.1115 110.3398 110.4889 110.5708 110.6357 110.7163 110.8476 111.0045 111.1482 111.2316 111.2391 111.1743 111.052 110.9268 110.8375 110.7878 110.766 110.7266 110.6276 110.4626 110.2207 109.917 109.5654 109.1909 108.8404 108.5198 108.2057 108.0294 107.6437 106.9398 106.3113 105.7802 105.3184 104.8082 104.1323 103.5936 103.1745 102.7007 102.3107 102.0675 101.6713 101.1635 100.5935 99.90314 99.39043
104.7337 104.2918 104.0795 104.1319 104.416 104.8072 105.3547 106.0637 106.5902 107.0817 107.6172 107.8996 108.0227 108.2688 108.6971 109.0047 109.3138 109.6513 110.0034 110.3283 110.5897 110.7756 110.8896 110.9588 111.0345 111.1634 111.3305 111.5105 111.6638 111.7322 111.7069 111.6058 111.4716 111.3429 111.2619 111.1974 111.1489 111.0553 110.9288 110.7254 110.4588 110.139 109.7609 109.3786 109.0051 108.6648 108.373 108.1365 107.5888 106.9853 106.4422 105.8594 105.2626 104.6843 104.1058 103.6193 103.1577 102.5946 102.1934 101.9674 101.5946 101.0517 100.362 99.78474 99.40247
