gama_workspace/LASCAR/external/laLingevres/data/mnt.asc
ncols         582
nrows         482
xllcorner     429493.41068981
yllcorner     6900303.4472698
cellsize      10
NODATA_value  -9999
[rows 224 to 251 of 482, columns 0 to 64 of 582]
-9999 -9999 -9999 -9999 -9999 -9999 -9999 -9999 -9999 -9999 -9999 -9999 -9999 119.2762 119.2483 119.3012 119.3854 119.1304 119.0348 119.05 119.1504 119.1314 119.1303 119.04 118.915 118.8552 118.7932 118.7052 118.597 118.466 118.3003 118.0708 117.8698 117.9077 117.9643 117.8494 117.6913 117.5937 117.6697 117.6179 117.3736 117.2121 117.1715 117.1519 117.153 117.0709 116.9006 116.8816 116.8787 116.7783 116.6687 116.5195 116.4797 116.5652 116.6828 116.7989 116.8306 116.6781 116.374 116.1195 115.9995 115.847 115.7536 115.7554 115.7828
-9999 -9999 -9999 -9999 -9999 -9999 -9999 -9999 -9999 -9999 -9999 -9999 -9999 119.2635 119.2504 119.3674 119.4248 119.1667 119.0255 119.1439 119.2728 119.271 119.3168 119.2627 119.1322 119.0542 118.9679 118.8737 118.7635 118.6443 118.4985 118.2934 118.0749 118.1162 118.1399 118.0104 117.8408 117.6776 117.7817 117.7491 117.5198 117.4152 117.3781 117.328 117.2877 117.1984 117.0776 117.0433 117.0087 116.8312 116.7037 116.6679 116.6947 116.7586 116.8415 116.9563 117.0135 116.8565 116.5512 116.2406 116.1231 116.0164 115.9762 116.0004 116.0489
-9999 -9999 -9999 -9999 -9999 -9999 -9999 -9999 -9999 -9999 -9999 -9999 -9999 119.2837 119.2676 119.4012 119.4483 119.2169 119.1012 119.2836 119.3983 119.4061 119.4527 119.4471 119.3306 119.2346 119.1511 119.0503 118.9333 118.8225 118.6935 118.5312 118.3669 118.306 118.3134 118.1877 118.0243 117.8445 117.9019 117.8991 117.7297 117.6287 117.5605 117.5164 117.4725 117.3494 117.2075 117.1664 117.0659 116.8547 116.7435 116.8361 116.9015 116.9385 116.9736 117.0425 117.1003 117.0085 116.7845 116.3778 116.2199 116.1816 116.1925 116.2454 116.3143
-9999 -9999 -9999 -9999 -9999 -9999 -9999 -9999 -9999 -9999 -9999 -9999 -9999 -9999 119.3141 119.431 119.4722 119.2952 119.2297 119.3653 119.4662 119.43 119.4453 119.5068 119.4855 119.4129 119.3212 119.2152 119.1093 119.0026 118.8807 118.7395 118.5847 118.4898 118.4605 118.374 118.2561 118.0919 118.0848 118.1014 118.0166 117.9364 117.7887 117.6799 117.6383 117.5231 117.3185 117.2108 117.1181 116.9539 116.8919 117.0511 117.0981 117.0971 117.0874 117.0574 117.0498 117.0755 116.9625 116.562 116.3577 116.3485 116.3924 116.4598 116.5417
-9999 -9999 -9999 -9999 -9999 -9999 -9999 -9999 -9999 -9999 -9999 -9999 -9999 -9999 -9999 -9999 119.5381 119.3732 119.2883 119.3564 119.456 119.4353 119.4213 119.5168 119.591 119.5684 119.4853 119.3809 119.2729 119.1691 119.0501 118.9228 118.7839 118.6715 118.6145 118.5693 118.5075 118.297 118.2232 118.2758 118.3085 118.2585 118.0436 117.8842 117.8534 117.7305 117.4909 117.3454 117.3134 117.2947 117.2276 117.2977 117.2872 117.2473 117.1892 117.0838 116.9888 117.0219 116.9972 116.683 116.5176 116.5085 116.5647 116.6173 116.6598
-9999 -9999 -9999 -9999 -9999 -9999 -9999 -9999 -9999 -9999 -9999 -9999 -9999 -9999 -9999 -9999 119.588 119.4326 119.3018 119.2931 119.4162 119.4853 119.5126 119.6204 119.7038 119.7128 119.6403 119.5304 119.4242 119.3181 119.211 119.0924 118.9672 118.8581 118.7795 118.7223 118.6778 118.4791 118.3852 118.4528 118.5505 118.5215 118.3005 118.1394 118.1116 117.9083 117.7403 117.6781 117.7491 117.8654 117.652 117.5284 117.46 117.3918 117.3013 117.1707 117.0284 116.9446 116.8849 116.7621 116.6698 116.665 116.6998 116.7208 116.6863
-9999 -9999 -9999 -9999 -9999 -9999 -9999 -9999 -9999 -9999 -9999 -9999 -9999 -9999 -9999 -9999 119.563 119.4502 119.3446 119.289 119.4337 119.5909 119.6723 119.7713 119.851 119.856 119.7867 119.6735 119.5607 119.462 119.3598 119.2507 119.1389 119.0322 118.9408 118.8656 118.8021 118.6423 118.5755 118.6326 118.6839 118.6284 118.4652 118.3631 118.2543 118.027 117.9327 117.953 118.0862 118.19 117.8864 117.6982 117.6173 117.5466 117.4446 117.3023 117.1467 117.0227 116.9376 116.8678 116.829 116.816 116.8254 116.8107 116.7758
-9999 -9999 -9999 -9999 -9999 -9999 -9999 -9999 -9999 -9999 -9999 -9999 -9999 -9999 -9999 -9999 119.4784 119.4615 119.4231 119.4235 119.5624 119.739 119.8591 119.956 120.0165 120.0072 119.9301 119.8087 119.6836 119.5863 119.5016 119.3993 119.2935 119.1949 119.1065 119.0162 118.9403 118.879 118.8374 118.8189 118.7643 118.6344 118.5634 118.5478 118.3309 118.1174 118.1068 118.174 118.3023 118.2867 117.9741 117.8275 117.7594 117.7073 117.6002 117.459 117.3055 117.161 117.0687 117.0053 116.9799 116.962 116.9411 116.9031 116.8804
-9999 -9999 -9999 -9999 -9999 -9999 -9999 -9999 -9999 -9999 -9999 -9999 -9999 -9999 -9999 119.4783 119.4596 119.4724 119.5325 119.6125 119.7574 119.9219 120.0606 120.1623 120.213 120.1869 120.077 119.9178 119.7853 119.7039 119.6353 119.5462 119.4407 119.3465 119.2595 119.1754 119.1136 119.0879 119.0734 118.9824 118.8406 118.6956 118.676 118.6468 118.3489 118.2192 118.2435 118.326 118.4373 118.3025 117.998 117.9373 117.9053 117.8667 117.7748 117.6351 117.4799 117.3434 117.24 117.1694 117.1289 117.0901 117.056 117.0113 116.9805
-9999 -9999 -9999 -9999 -9999 -9999 -9999 -9999 -9999 -9999 -9999 -9999 -9999 -9999 119.686 119.4764 119.4623 119.5916 119.7126 119.828 119.977 120.1362 120.2767 120.3799 120.4294 120.3855 120.2298 120.0136 119.8539 119.8086 119.7718 119.6766 119.5679 119.4837 119.4152 119.3458 119.2926 119.2698 119.2286 119.1015 118.9461 118.8974 118.9012 118.7176 118.4592 118.3587 118.3874 118.4472 118.4911 118.2789 118.0697 118.0508 118.0431 118.0088 117.9267 117.7976 117.6554 117.5307 117.4195 117.3415 117.2606 117.2113 117.1625 117.1167 117.0701
-9999 -9999 -9999 -9999 -9999 -9999 -9999 -9999 -9999 -9999 -9999 -9999 -9999 119.9533 119.8223 119.6476 119.6612 119.7985 119.94 120.0723 120.2166 120.3683 120.502 120.6018 120.645 120.5839 120.3743 120.0834 119.886 119.931 119.9165 119.7834 119.6833 119.6183 119.5675 119.5138 119.4676 119.4205 119.3583 119.1868 119.0566 119.1617 119.11 118.8539 118.6323 118.5311 118.5234 118.5302 118.4978 118.3983 118.2833 118.2154 118.1678 118.1142 118.0249 117.941 117.8363 117.7202 117.6082 117.5035 117.4031 117.3336 117.2692 117.2217 117.1649
-9999 -9999 -9999 -9999 -9999 -9999 -9999 -9999 -9999 -9999 -9999 -9999 -9999 -9999 119.9729 119.9093 119.9463 120.0658 120.1996 120.3278 120.4581 120.6002 120.7368 120.82 120.8393 120.7674 120.464 120.1109 119.9503 120.0814 120.0466 119.8597 119.7741 119.7496 119.7259 119.6747 119.6208 119.552 119.457 119.2736 119.1312 119.202 119.1861 118.9987 118.8162 118.7026 118.6679 118.6082 118.5045 118.441 118.3819 118.3412 118.244 118.1248 118.0481 118.066 118.0269 117.9126 117.7984 117.6696 117.5246 117.4345 117.3855 117.3393 117.2786
-9999 -9999 -9999 -9999 -9999 -9999 -9999 -9999 -9999 -9999 -9999 -9999 -9999 -9999 120.1512 120.178 120.2469 120.3583 120.478 120.593 120.6993 120.8413 120.9673 121.0236 120.9907 120.8522 120.4621 120.1272 120.0021 120.0515 120.0652 119.8886 119.852 119.8762 119.8825 119.8344 119.7604 119.666 119.5428 119.375 119.2382 119.2195 119.2254 119.1258 118.9812 118.8622 118.798 118.7503 118.5884 118.4508 118.4314 118.3984 118.3375 118.3136 118.2556 118.2562 118.2465 118.1184 117.9685 117.8091 117.6398 117.5369 117.5217 117.4824 117.4017
-9999 -9999 -9999 -9999 -9999 -9999 -9999 -9999 -9999 -9999 -9999 -9999 -9999 -9999 120.3639 120.4543 120.5472 120.6563 120.7655 120.8589 120.9419 121.0753 121.197 121.2094 121.0954 120.8645 120.5467 120.2556 120.0471 120.0186 120.0248 119.9085 119.9167 120.0149 120.0409 119.9754 119.8795 119.7687 119.6318 119.4764 119.3587 119.3159 119.3048 119.2392 119.1248 119.0104 118.9209 118.8724 118.7304 118.5422 118.4644 118.4794 118.4864 118.4918 118.4488 118.368 118.3004 118.1452 117.9906 117.8574 117.7286 117.6888 117.71 117.6398 117.5243
-9999 -9999 -9999 -9999 -9999 -9999 -9999 -9999 -9999 -9999 -9999 -9999 -9999 -9999 -9999 120.726 120.837 120.9458 121.0509 121.1296 121.1748 121.2859 121.3751 121.3266 121.1431 120.847 120.6227 120.4088 120.1029 120.0217 120.0429 120 120.0139 120.1592 120.2007 120.0864 119.9853 119.8662 119.7217 119.5813 119.4793 119.4234 119.3967 119.345 119.2508 119.1297 118.9983 118.9507 118.8751 118.6698 118.6114 118.659 118.6813 118.696 118.6036 118.4225 118.3102 118.162 117.9839 117.919 117.877 117.8048 117.8 117.7641 117.6239
-9999 -9999 -9999 -9999 -9999 -9999 -9999 -9999 -9999 -9999 -9999 -9999 -9999 -9999 -9999 -9999 121.1282 121.2346 121.3111 121.373 121.3607 121.3679 121.4024 121.3508 121.169 120.8348 120.6578 120.5147 120.2282 120.1236 120.1166 120.0805 120.102 120.299 120.2721 120.1315 120.0677 119.9533 119.808 119.6797 119.5898 119.5359 119.4984 119.4537 119.3717 119.2671 119.1024 119.0806 119.0068 118.8799 118.8696 118.9098 118.8813 118.8689 118.716 118.4804 118.303 118.1915 118.0723 118.0495 118.0194 117.9225 117.8856 117.8761 117.7361
-9999 -9999 -9999 -9999 -9999 -9999 -9999 -9999 -9999 -9999 -9999 -9999 -9999 -9999 -9999 -9999 -9999 121.5071 121.535 121.5406 121.4524 121.4453 121.4349 121.3768 121.1706 120.7961 120.6406 120.5497 120.3736 120.2827 120.2301 120.1769 120.1939 120.2499 120.1702 120.1236 120.1413 120.0283 119.8902 119.7755 119.6948 119.6456 119.6043 119.5535 119.4848 119.3874 119.2971 119.2449 119.1625 119.0751 119.038 119.0496 119.0021 118.9735 118.8552 118.6142 118.4132 118.2952 118.213 118.1673 118.1121 118.0305 117.9968 118.0048 117.8799
-9999 -9999 -9999 -9999 -9999 -9999 -9999 -9999 -9999 -9999 -9999 -9999 -9999 -9999 -9999 -9999 -9999 121.7722 121.7367 121.6506 121.6266 121.595 121.5093 121.4009 121.2132 120.8466 120.7003 120.617 120.5226 120.4255 120.3513 120.2956 120.2826 120.244 120.1224 120.1228 120.1776 120.0864 119.9623 119.8623 119.7933 119.7451 119.7036 119.6534 119.5909 119.5202 119.4753 119.4293 119.3191 119.1828 119.1151 119.0685 119.0497 119.0248 118.9455 118.7605 118.5775 118.4375 118.3405 118.252 118.2019 118.1451 118.1337 118.1183 117.9709
-9999 -9999 -9999 -9999 -9999 -9999 -9999 -9999 -9999 -9999 -9999 -9999 -9999 -9999 -9999 -9999 -9999 122.0257 121.997 121.8602 121.8113 121.7604 121.5946 121.4088 121.2134 120.9512 120.8032 120.7238 120.6419 120.5535 120.4705 120.414 120.3787 120.3084 120.1299 120.1198 120.1966 120.1195 120.018 119.9431 119.886 119.841 119.8013 119.7459 119.6972 119.6463 119.6172 119.5827 119.4555 119.2515 119.1524 119.0794 119.0842 119.0327 118.9479 118.8497 118.7331 118.5695 118.4596 118.3329 118.2764 118.2507 118.2687 118.2313 118.0434
-9999 -9999 -9999 -9999 -9999 -9999 -9999 -9999 -9999 -9999 -9999 -9999 -9999 -9999 -9999 -9999 -9999 -9999 122.1579 122.0868 122.016 121.9092 121.6687 121.4518 121.2586 121.0653 120.9316 120.8519 120.7695 120.6788 120.5903 120.5187 120.4672 120.3954 120.2746 120.2293 120.2253 120.15 120.0675 120.012 119.9696 119.9304 119.8916 119.8416 119.7977 119.756 119.7186 119.6841 119.579 119.3763 119.2498 119.1566 119.1413 119.0591 118.931 118.9171 118.8956 118.7989 118.6696 118.5136 118.3836 118.3417 118.3563 118.3365 118.1825
-9999 -9999 -9999 -9999 -9999 -9999 -9999 -9999 -9999 -9999 -9999 -9999 -9999 -9999 -9999 -9999 -9999 -9999 -9999 122.2091 122.1203 122.002 121.7457 121.5168 121.3319 121.1835 121.0716 120.9865 120.9036 120.8072 120.7063 120.6265 120.5558 120.484 120.4023 120.3312 120.2575 120.1838 120.1221 120.0793 120.0558 120.0246 119.9855 119.9365 119.891 119.8463 119.8054 119.7533 119.6491 119.4961 119.3582 119.2465 119.2404 119.1189 118.9611 119.0073 119.1054 119.0262 118.8284 118.6675 118.5206 118.4467 118.4421 118.4755 118.3875
-9999 -9999 -9999 -9999 -9999 -9999 -9999 -9999 -9999 -9999 -9999 -9999 -9999 -9999 -9999 -9999 -9999 -9999 -9999 -9999 122.135 122.0235 121.7875 121.5784 121.4174 121.2995 121.2143 121.1356 121.046 120.9362 120.8254 120.7247 120.6445 120.5774 120.4972 120.4089 120.3133 120.239 120.1887 120.1645 120.1447 120.1176 120.0783 120.0269 119.9762 119.9014 119.8528 119.7812 119.6875 119.5438 119.3881 119.2541 119.2694 119.1912 119.0525 119.1046 119.2805 119.2047 118.9279 118.7322 118.6073 118.5019 118.5423 118.5945 118.5843
-9999 -9999 -9999 -9999 -9999 -9999 -9999 -9999 -9999 -9999 -9999 -9999 -9999 -9999 -9999 -9999 -9999 -9999 -9999 -9999 122.1105 121.9679 121.7956 121.6221 121.4901 121.409 121.3513 121.299 121.2025 121.0763 120.9413 120.8195 120.7349 120.6662 120.5887 120.49 120.3924 120.3139 120.271 120.2568 120.2467 120.2198 120.1685 120.11 120.048 119.9536 119.8832 119.8079 119.7145 119.5806 119.4245 119.3225 119.3156 119.253 119.1282 119.1969 119.3759 119.2869 118.9379 118.7197 118.632 118.6012 118.6281 118.6613 118.6715
-9999 -9999 -9999 -9999 -9999 -9999 -9999 -9999 -9999 -9999 -9999 -9999 -9999 -9999 -9999 -9999 -9999 -9999 -9999 -9999 122.0138 121.9116 121.7891 121.6561 121.5541 121.5027 121.4862 121.461 121.3688 121.2182 121.0589 120.9135 120.8233 120.7587 120.6794 120.5828 120.4804 120.4028 120.3678 120.3636 120.3503 120.3269 120.2675 120.1836 120.085 119.9874 119.9082 119.8276 119.745 119.6238 119.5012 119.4252 119.3973 119.3711 119.2786 119.2312 119.2779 119.2182 118.9206 118.6898 118.6515 118.6954 118.7238 118.7634 118.7629
-9999 -9999 -9999 -9999 -9999 -9999 -9999 -9999 -9999 -9999 -9999 -9999 -9999 -9999 -9999 -9999 -9999 -9999 -9999 -9999 -9999 121.8611 121.7715 121.6795 121.6027 121.5774 121.6093 121.6328 121.5411 121.3689 121.1676 120.9964 120.9053 120.8585 120.7864 120.6787 120.5727 120.5005 120.467 120.4654 120.4701 120.4496 120.3703 120.2227 120.0594 119.975 119.9368 119.8815 119.7895 119.6895 119.5868 119.522 119.506 119.5054 119.4551 119.3261 119.1767 119.1074 118.9404 118.726 118.7064 118.8076 118.8751 118.9205 118.9125
-9999 -9999 -9999 -9999 -9999 -9999 -9999 -9999 -9999 -9999 -9999 -9999 -9999 -9999 -9999 -9999 -9999 -9999 -9999 -9999 -9999 -9999 121.7534 121.6866 121.6367 121.63 121.6903 121.7838 121.7291 121.5347 121.2784 121.0678 120.9923 120.9805 120.903 120.7769 120.6657 120.5934 120.5626 120.5739 120.5988 120.5887 120.4776 120.2574 120.0587 119.9934 119.988 119.9347 119.8407 119.7505 119.6727 119.6274 119.6142 119.6004 119.542 119.4098 119.2339 119.1346 119.04 118.9199 118.9085 118.9865 119.0633 119.1383 119.1346
-9999 -9999 -9999 -9999 -9999 -9999 -9999 -9999 -9999 -9999 -9999 -9999 -9999 -9999 -9999 -9999 -9999 -9999 -9999 -9999 -9999 -9999 -9999 121.6919 121.6634 121.6639 121.7148 -9999 121.7938 121.6608 121.3718 121.1631 121.1543 121.1464 121.0073 120.8613 120.738 120.6683 120.6428 120.663 120.7083 120.7392 120.6451 120.4081 120.1355 119.9995 120.0582 119.9995 119.9011 119.8271 119.7617 119.7344 119.7065 119.6829 119.6154 119.5056 119.3678 119.2512 119.1697 119.1009 119.1001 119.1533 119.2248 119.2809 119.2649
-9999 -9999 -9999 -9999 -9999 -9999 -9999 -9999 -9999 -9999 -9999 -9999 -9999 -9999 -9999 -9999 -9999 -9999 -9999 -9999 -9999 -9999 -9999 -9999 -9999 -9999 -9999 -9999 -9999 121.559 121.4069 121.2947 121.3447 121.3031 121.0928 120.9205 120.7903 120.7124 120.6874 120.7167 120.7936 120.8679 120.8829 120.6688 120.2626 120.038 120.0549 120.0229 119.9482 119.8928 119.8435 119.8242 119.7895 119.7618 119.6942 119.5986 119.4755 119.3884 119.3093 119.2771 119.2693 119.3144 119.3651 119.4065 119.3921
