gama_workspace/LASCAR/external/laLingevres/data/mnt.asc
ncols         582
nrows         482
xllcorner     429493.41068981
yllcorner     6900303.4472698
cellsize      10
NODATA_value  -9999
[rows 168 to 195 of 482, columns 260 to 324 of 582]
86.56708 86.76758 86.98065 87.18232 87.37182 87.53671 87.67381 87.81731 87.99969 88.20025 88.41729 88.62212 88.81008 88.9711 89.09975 89.21931 89.33127 89.44756 89.57623 89.69902 89.79756 89.85823 89.90057 89.9031 89.89291 89.87904 89.8216 89.74052 89.61401 89.42707 89.21983 89.00086 88.80762 88.66024 88.54816 88.44475 88.34695 88.19736 88.00465 87.76804 87.51481 87.27964 87.07567 86.87743 86.6378 86.29129 85.61229 84.93348 84.26792 83.5154 82.64273 81.7659 80.82588 79.81052 78.71046 77.58156 76.58827 75.89182 75.62301 75.73352 76.21986 76.91642 77.73485 78.69057 79.72645
87.18069 87.34158 87.50548 87.66336 87.80656 87.93065 88.03336 88.14591 88.30085 88.48917 88.68506 88.88567 89.07603 89.23954 89.38692 89.51704 89.63952 89.76035 89.8803 89.981 90.062 90.10832 90.14187 90.13393 90.12408 90.11306 90.06307 89.98479 89.872 89.69278 89.4831 89.26764 89.06747 88.90688 88.78416 88.65805 88.53355 88.35847 88.10519 87.81963 87.51239 87.24291 87.01501 86.80079 86.54345 86.14278 85.52741 84.82961 84.11848 83.29141 82.39579 81.49017 80.54322 79.52729 78.42696 77.34801 76.46564 75.92783 75.79373 76.06132 76.5692 77.2946 78.09846 79.03001 80.02766
87.79966 87.89862 88.01643 88.14101 88.2413 88.31605 88.38049 88.46194 88.58756 88.75282 88.93911 89.13172 89.316 89.48884 89.6515 89.79665 89.9349 90.06448 90.17879 90.26904 90.33057 90.3659 90.3791 90.37212 90.35855 90.3418 90.29933 90.22235 90.11143 89.93649 89.73147 89.50956 89.32014 89.13833 89.01346 88.87946 88.72151 88.49793 88.20505 87.86293 87.51688 87.20729 86.9417 86.70799 86.41294 85.96411 85.3673 84.73273 84.03252 83.0481 82.10765 81.20164 80.26579 79.24742 78.19286 77.20841 76.43399 76.05324 76.0676 76.41039 76.99827 77.71233 78.52088 79.39735 80.3408
88.40624 88.4527 88.52398 88.60414 88.66373 88.69571 88.72559 88.7768 88.86774 89.01121 89.18712 89.3675 89.55063 89.72648 89.8976 90.06098 90.21746 90.35875 90.47086 90.55698 90.60809 90.63052 90.63831 90.61603 90.59624 90.57505 90.51045 90.44028 90.31615 90.14403 89.94825 89.7377 89.55714 89.37389 89.22746 89.08021 88.90313 88.63527 88.32813 87.9324 87.52861 87.17966 86.88893 86.61546 86.24638 85.77487 85.1593 84.51364 83.81511 82.86585 81.84303 80.93248 80.00867 79.04138 78.0431 77.11874 76.49522 76.24623 76.4019 76.82692 77.44953 78.17297 78.96457 79.81252 80.62182
88.98878 88.9821 89.01672 89.05592 89.08157 89.07697 89.06937 89.08189 89.15302 89.27011 89.4285 89.60112 89.78198 89.96317 90.14422 90.3205 90.49218 90.63898 90.75602 90.8425 90.88973 90.90643 90.89213 90.87447 90.83284 90.79066 90.71598 90.63378 90.50346 90.35096 90.16763 89.96414 89.7862 89.5939 89.42742 89.26183 89.06496 88.7858 88.44473 88.01934 87.57611 87.18999 86.85908 86.5273 86.1148 85.56961 84.92416 84.20565 83.41488 82.47945 81.5923 80.70697 79.80089 78.88267 77.98193 77.14876 76.63889 76.53542 76.80594 77.3138 77.97203 78.70518 79.47881 80.26748 80.95377
89.53333 89.49114 89.48531 89.49839 89.49538 89.46075 89.4191 89.40149 89.44481 89.547 89.68404 89.84947 90.02273 90.21026 90.40057 90.58945 90.76353 90.9165 91.03666 91.11974 91.16454 91.17542 91.15593 91.11476 91.05297 90.99794 90.91537 90.8139 90.67853 90.52957 90.34956 90.14712 89.97485 89.77597 89.58944 89.39584 89.19769 88.92779 88.59444 88.1443 87.68095 87.24947 86.85554 86.45624 85.98412 85.3879 84.68287 83.89092 82.99142 81.94923 81.35291 80.56322 79.70086 79.01869 78.32314 77.58762 77.04842 76.97023 77.30177 77.87785 78.5415 79.27459 80.03583 80.76794 81.40051
90.05183 89.96799 89.93336 89.9239 89.90195 89.85143 89.78918 89.74821 89.76712 89.8492 89.96838 90.11647 90.28917 90.479 90.68252 90.87539 91.04889 91.19331 91.30922 91.38786 91.42351 91.41694 91.37822 91.32987 91.27182 91.17556 91.09468 90.9965 90.84758 90.70721 90.52615 90.33981 90.1433 89.94946 89.73528 89.51902 89.2942 89.05599 88.74924 88.33128 87.82624 87.36341 86.88873 86.40421 85.8713 85.22157 84.45447 83.59028 82.57653 81.23201 81.24958 80.75852 79.81852 79.26044 78.9044 78.52238 78.1345 77.96447 78.10271 78.57185 79.20346 79.91476 80.63332 81.32684 81.93406
90.53465 90.40362 90.35066 90.33085 90.3063 90.24902 90.17423 90.12054 90.11777 90.17754 90.28082 90.41521 90.58316 90.7821 90.98888 91.189 91.3554 91.47839 91.57859 91.63995 91.65644 91.6352 91.58725 91.51551 91.44711 91.35547 91.26643 91.14185 91.02324 90.88135 90.70118 90.51883 90.31404 90.09644 89.86067 89.62125 89.37777 89.1638 88.91842 88.54798 87.99022 87.51689 86.94032 86.36643 85.76671 85.06705 84.241 83.31678 82.28643 81.25763 80.99541 81.05657 81.04547 80.56558 80.19392 79.70785 79.44772 79.40279 79.44263 79.56601 79.95212 80.62897 81.27896 81.91915 82.4909
90.9526 90.79194 90.73326 90.71816 90.70248 90.65573 90.58616 90.52341 90.50597 90.54341 90.6269 90.749 90.91397 91.11581 91.32934 91.52339 91.67264 91.78004 91.8466 91.87914 91.8728 91.82827 91.76079 91.69342 91.61579 91.52174 91.42798 91.31187 91.19923 91.05553 90.88951 90.70964 90.49065 90.24859 89.98592 89.71323 89.4577 89.23653 89.04543 88.63859 88.09184 87.63961 86.95383 86.30278 85.67459 84.9229 84.03606 83.04967 82.01438 81.08479 80.88796 80.88817 80.87733 80.90533 81.14651 81.36862 81.23992 81.12283 80.95095 80.67113 80.80401 81.38169 81.97945 82.54868 83.06771
91.26478 91.12437 91.07658 91.07612 91.08829 91.07095 91.02145 90.95802 90.9179 90.93642 91.00208 91.11784 91.28159 91.48496 91.69615 91.88274 92.00788 92.08233 92.1193 92.11913 92.07659 92.00929 91.92373 91.85172 91.77178 91.69756 91.61035 91.49017 91.3756 91.22781 91.06331 90.88332 90.6609 90.38913 90.10777 89.81066 89.52616 89.27734 89.06469 88.60271 88.03115 87.54695 86.88753 86.2491 85.58188 84.77885 83.8359 82.78739 81.72723 80.91436 80.89138 80.89138 80.89138 80.89138 80.88557 80.89855 81.40649 81.91051 82.23077 81.82667 81.68523 82.19331 82.70712 83.20596 83.66243
91.50372 91.4096 91.38638 91.40804 91.45458 91.49313 91.47822 91.40867 91.35086 91.35 91.40443 91.50547 91.66687 91.86729 92.07559 92.24458 92.35338 92.39126 92.39128 92.3564 92.28106 92.18599 92.09849 92.01641 91.94949 91.8838 91.79791 91.67735 91.54061 91.40712 91.23407 91.05872 90.82571 90.5519 90.23593 89.90652 89.58555 89.29769 88.98739 88.49621 87.93919 87.42667 86.81562 86.19722 85.48928 84.63213 83.62385 82.5183 81.40054 80.87392 80.89138 80.89138 80.89138 80.89138 80.89138 80.89178 80.8816 81.4119 82.12671 82.38888 82.60477 83.04069 83.46465 83.88934 84.28586
91.70993 91.65752 91.66225 91.70911 91.80286 91.89656 91.9354 91.86613 91.78683 91.76838 91.81064 91.90662 92.06862 92.26314 92.45631 92.61458 92.68547 92.69962 92.66679 92.59892 92.4958 92.37193 92.25993 92.19258 92.12841 92.068 91.99679 91.85815 91.72639 91.58389 91.41206 91.21667 90.96925 90.68941 90.3612 90.0032 89.66003 89.30154 88.91143 88.42294 87.91539 87.38499 86.76118 86.12595 85.4042 84.45035 83.38395 82.23658 81.10115 80.89132 80.89138 80.89138 80.89138 80.89138 80.89138 80.89138 80.87307 81.38368 82.1924 82.8773 83.54247 83.90723 84.24397 84.58982 84.91778
91.91274 91.9043 91.93258 91.99525 92.11137 92.26199 92.36729 92.30608 92.22927 92.18369 92.20251 92.3014 92.46165 92.65013 92.82495 92.95741 93.01064 92.99683 92.93535 92.8331 92.71057 92.5781 92.47851 92.3549 92.28455 92.24908 92.21546 92.02095 91.8675 91.73428 91.56709 91.35033 91.10099 90.81816 90.47445 90.0984 89.71374 89.29607 88.84683 88.35439 87.84714 87.30947 86.67716 86.02462 85.29439 84.22346 83.11133 81.95049 80.94244 80.89138 80.89138 80.89138 80.89138 80.89138 80.89138 80.89138 80.85889 81.58124 82.5321 83.39811 84.2694 84.70466 85.01557 85.27253 85.54018
92.13531 92.16827 92.21923 92.28542 92.39495 92.5735 92.69958 92.74799 92.66322 92.56377 92.56841 92.67306 92.82806 93.00517 93.15409 93.26794 93.30012 93.27009 93.19366 93.07481 92.9269 92.7812 92.66338 92.53789 92.45868 92.41619 92.33655 92.14885 91.94196 91.80083 91.67412 91.4691 91.22103 90.92202 90.56799 90.1889 89.76495 89.30041 88.81477 88.29659 87.73238 87.15241 86.51207 85.8479 85.08117 84.00928 82.85213 81.68818 80.85635 80.89138 80.89138 80.89138 80.89138 80.89138 80.89138 80.89163 80.97427 81.9679 82.99294 83.90463 84.76949 85.35236 85.7422 85.91089 86.14982
92.39263 92.47215 92.55817 92.61144 92.68945 92.81264 92.99908 93.14968 93.06383 92.883 92.91119 93.04018 93.18873 93.32623 93.45062 93.54401 93.57145 93.52913 93.43929 93.30522 93.15751 93.0014 92.86997 92.75526 92.61922 92.502 92.37849 92.25584 92.06612 91.90163 91.76328 91.56195 91.30851 90.99084 90.64126 90.25206 89.80939 89.31963 88.78833 88.20357 87.60242 86.96901 86.29848 85.56153 84.69382 83.69445 82.62167 81.49534 80.87116 80.89138 80.89138 80.89138 80.89138 80.89138 80.89138 80.87976 81.32781 82.51988 83.55543 84.43552 85.25578 85.85822 86.28596 86.46272 86.71675
92.67699 92.81332 92.96761 93.04969 93.07627 93.09729 93.27153 93.40395 93.34695 93.14039 93.2706 93.42082 93.49454 93.58824 93.7065 93.78344 93.80433 93.76137 93.67426 93.5463 93.38628 93.2247 93.07286 92.95651 92.81162 92.59354 92.43365 92.34791 92.24963 92.08755 91.88728 91.64343 91.36378 91.04744 90.6942 90.31292 89.84159 89.32986 88.73567 88.09671 87.45466 86.759 86.02867 85.22391 84.28929 83.33402 82.40208 81.43616 80.87209 80.89138 80.89138 80.89138 80.89138 80.89138 80.89138 80.91509 81.87494 83.07911 84.23793 85.05645 85.69605 86.27177 86.70794 86.97181 87.27676
93.00043 93.18996 93.4085 93.61385 93.57769 93.46554 93.5398 93.58659 93.55136 93.54279 93.80278 93.83203 93.75529 93.81325 93.9163 94.00444 94.02583 93.9882 93.91082 93.77698 93.59727 93.42671 93.26244 93.14989 93.04014 92.75614 92.5575 92.52859 92.4721 92.31031 92.02191 91.71465 91.38741 91.05603 90.70568 90.32687 89.87489 89.32506 88.68727 87.99982 87.28211 86.51612 85.73515 84.87153 83.9567 83.05087 82.17361 81.29766 80.88014 80.89138 80.89138 80.89138 80.89138 80.89138 80.88567 81.22269 82.39851 83.6357 84.86845 85.61623 86.0965 86.64545 87.10509 87.45846 87.82312
93.31805 93.55367 93.82022 94.10628 94.06461 93.88031 93.79562 93.70941 93.77158 93.94431 94.13168 94.12009 93.92842 93.96873 94.10091 94.19228 94.24588 94.22791 94.13701 93.99223 93.80431 93.61196 93.44424 93.34377 93.25896 92.99294 92.74794 92.70108 92.63484 92.45409 92.11832 91.75706 91.39257 91.04617 90.69696 90.32951 89.87992 89.29417 88.60492 87.87717 87.09366 86.27151 85.42876 84.54958 83.6414 82.75755 81.88422 81.02785 80.89179 80.89138 80.89138 80.89138 80.89138 80.89138 80.90165 81.75916 82.93813 84.15532 85.30526 86.0528 86.54036 87.05492 87.56458 87.97188 88.3549
93.63595 93.86171 94.1078 94.33149 94.43684 94.2986 94.06084 93.91657 94.01939 94.24554 94.31246 94.16814 94.01823 94.1327 94.27809 94.39208 94.48199 94.4749 94.36819 94.19464 93.98568 93.77481 93.5901 93.48376 93.41732 93.1213 92.88317 92.85992 92.71764 92.48039 92.1667 91.77422 91.37515 90.99712 90.64716 90.31766 89.86327 89.22087 88.48944 87.73621 86.89673 86.01038 85.10619 84.23079 83.35443 82.48714 81.57894 80.87058 80.89138 80.89138 80.89138 80.89138 80.89138 80.88503 81.19479 82.2923 83.48158 84.64906 85.65179 86.43818 87.08636 87.63835 88.09676 88.4977 88.88013
93.90466 94.02511 94.23404 94.44341 94.60329 94.63987 94.42925 94.22588 94.37972 94.47655 94.42447 94.28281 94.25241 94.41835 94.47157 94.63549 94.77607 94.74875 94.58445 94.37225 94.13461 93.90339 93.71522 93.59605 93.52617 93.13407 92.97448 92.97454 92.73183 92.4455 92.20567 91.79427 91.34357 90.92968 90.57835 90.24992 89.7654 89.06512 88.33369 87.59095 86.68843 85.74033 84.81573 83.95557 83.10645 82.24243 81.28733 80.88042 80.89138 80.89138 80.89138 80.89138 80.89185 80.9278 81.74992 82.8581 84.0452 85.13387 86.08092 86.90424 87.67688 88.21012 88.6312 89.01476 89.37023
94.03857 94.03529 94.26157 94.52531 94.7216 94.84048 94.82091 94.66395 94.80371 94.75243 94.6515 94.53573 94.64727 94.81725 94.71052 94.95901 95.11711 95.02242 94.78172 94.52278 94.25761 94.00828 93.80546 93.66956 93.53072 93.20017 93.08493 93.04039 92.73804 92.48959 92.2863 91.86005 91.31765 90.83501 90.50832 90.16965 89.64198 88.94041 88.24477 87.46847 86.4732 85.48651 84.57164 83.72799 82.87965 82.02129 81.10793 80.89059 80.89138 80.89138 80.89138 80.89138 80.86827 81.34151 82.31996 83.44582 84.60664 85.67281 86.58524 87.40758 88.16613 88.70387 89.1267 89.48902 89.84113
94.21147 94.18979 94.23162 94.57805 94.85637 94.99476 95.07042 95.106 95.10588 95.01608 94.93751 94.84271 95.05178 95.31291 95.13255 95.40654 95.51456 95.24421 94.94386 94.63203 94.3259 94.07758 93.87325 93.71854 93.55896 93.37254 93.2371 93.12611 92.80035 92.57126 92.39217 91.96463 91.39504 90.8319 90.48432 90.10155 89.53592 88.85944 88.1435 87.32185 86.33473 85.29998 84.37213 83.51692 82.69596 81.85561 81.0459 80.89138 80.89138 80.89138 80.89138 80.8801 81.10868 81.89907 82.90289 84.06406 85.21667 86.22752 87.11559 87.89273 88.59176 89.14107 89.57553 89.94521 90.28047
94.42593 94.40976 94.42957 94.62955 94.97939 95.14423 95.24678 95.29156 95.27806 95.24359 95.22076 95.17458 95.40678 95.70818 95.58369 95.73846 95.77697 95.37034 95.05312 94.71358 94.3878 94.13348 93.92693 93.75954 93.6109 93.48034 93.36728 93.20268 92.87325 92.60329 92.32415 91.91206 91.47221 90.91181 90.4109 89.92639 89.31364 88.65584 87.9636 87.14106 86.19174 85.23822 84.2414 83.35615 82.54809 81.76592 81.04005 80.89101 80.89138 80.89138 80.88164 81.05694 81.65978 82.47456 83.51641 84.66689 85.79188 86.77816 87.63678 88.36661 89.01128 89.55908 90.00355 90.37941 90.6939
94.65269 94.61805 94.7108 94.87646 95.10201 95.27621 95.36883 95.41804 95.41615 95.40842 95.39938 95.40366 95.62202 95.94104 95.71899 95.59579 95.59892 95.3446 95.12637 94.77661 94.42201 94.19756 93.98357 93.81107 93.66387 93.53376 93.38937 93.18861 92.90496 92.59382 92.19424 91.74202 91.37342 90.83531 90.20409 89.59018 88.97141 88.32549 87.6624 86.91682 85.99523 85.04604 84.09074 83.19165 82.39897 81.69079 81.08823 80.88581 80.89146 80.8811 81.03949 81.55098 82.20914 83.08728 84.11277 85.24538 86.34644 87.29763 88.10717 88.80704 89.40968 89.95054 90.40533 90.78696 91.10749
94.92514 94.83529 94.96436 95.14191 95.2649 95.37431 95.46721 95.51202 95.51472 95.51703 95.51274 95.50053 95.54376 95.68437 95.59623 95.34532 95.30408 95.26621 95.16733 94.88827 94.5937 94.35751 94.05101 93.87205 93.72237 93.5696 93.39841 93.17552 92.88652 92.55527 92.08159 91.55363 91.16417 90.60588 89.90041 89.26148 88.62122 87.9957 87.33178 86.60323 85.69677 84.76831 83.85994 82.9982 82.27505 81.65237 81.19193 80.9297 80.9175 81.06762 81.49444 82.06326 82.82063 83.68607 84.69462 85.79556 86.86149 87.77028 88.54205 89.20777 89.80141 90.32977 90.79309 91.18468 91.5222
95.21261 95.1102 95.26984 95.41117 95.47923 95.54458 95.59547 95.61922 95.60419 95.59363 95.58337 95.56483 95.54218 95.52797 95.44947 95.36663 95.45819 95.47151 95.32249 95.01834 94.76425 94.50955 94.15273 93.95605 93.78953 93.60915 93.40923 93.15611 92.84308 92.50333 91.99535 91.39011 90.91122 90.33247 89.68007 89.05494 88.39143 87.71547 86.98902 86.19246 85.30286 84.42678 83.59155 82.82359 82.15856 81.66486 81.31797 81.17685 81.22681 81.48171 81.97278 82.62094 83.41015 84.29388 85.22586 86.26271 87.29911 88.18697 88.93031 89.56785 90.14812 90.66669 91.13985 91.53887 91.90605
95.58938 95.50542 95.58945 95.63112 95.58107 95.66801 95.79706 95.74755 95.69817 95.6637 95.65541 95.64474 95.61215 95.57265 95.53227 95.4994 95.66312 95.66283 95.4482 95.16269 94.93221 94.61852 94.29434 94.07532 93.87 93.6559 93.42466 93.13979 92.80398 92.40785 91.90058 91.30021 90.72954 90.15705 89.61476 88.9984 88.31993 87.53997 86.69233 85.76418 84.88471 84.09484 83.33158 82.64507 82.09299 81.71389 81.51139 81.48331 81.63213 81.96027 82.49652 83.18369 84.04424 84.89117 85.70607 86.61353 87.61815 88.52396 89.2646 89.90064 90.45734 90.98355 91.46655 91.88684 92.21432
95.95296 95.87241 95.87995 95.82709 95.64584 95.7035 95.88854 95.88226 95.79984 95.76003 95.76238 95.77128 95.76262 95.72604 95.67181 95.62423 95.78128 95.77325 95.46962 95.18396 94.99561 94.74496 94.47153 94.19975 93.95621 93.70247 93.4325 93.10346 92.72998 92.28431 91.75346 91.18134 90.62287 90.1215 89.67473 89.00665 88.21079 87.34341 86.41376 85.4228 84.53988 83.78652 83.08114 82.48558 82.06615 81.82064 81.74054 81.82926 82.0702 82.46335 83.03206 83.76172 84.67143 85.52352 86.25227 86.98398 87.91557 88.85593 89.59067 90.19008 90.72153 91.23055 91.78253 92.23634 92.52885
