gama_workspace/LASCAR/external/laLingevres/data/mnt.asc
ncols         582
nrows         482
xllcorner     429493.41068981
yllcorner     6900303.4472698
cellsize      10
NODATA_value  -9999
[rows 392 to 419 of 482, columns 195 to 259 of 582]
129.8626 129.7778 129.5736 129.4981 129.5212 129.4308 129.3515 129.3928 129.2674 129.0472 128.9571 128.9684 129.033 129.1261 129.0423 128.8317 128.8137 128.78 128.6205 128.4085 128.2835 128.2812 128.2869 128.2013 128.056 128.045 128.1503 128.1204 127.9161 127.8045 127.7484 127.7219 127.6869 127.6164 127.5443 127.468 127.4062 127.3594 127.2685 127.1757 127.14 127.1535 127.2068 127.3186 127.4259 127.5481 127.7055 127.834 127.9304 128.0057 128.0887 128.1413 128.2045 128.2075 128.1539 128.113 128.1488 128.1974 128.2735 128.3076 128.3423 128.3533 128.3721 128.3994 128.4346
129.9672 129.9238 129.7659 129.5786 129.5899 129.5357 129.4907 129.5338 129.4077 129.2148 129.1229 129.1475 129.2374 129.3428 129.3352 129.1121 129.0177 128.9643 128.7912 128.5825 128.4647 128.4417 128.4518 128.3492 128.18 128.1573 128.2721 128.1951 128.0618 127.9911 127.9681 127.9686 127.9486 127.8775 127.8094 127.7298 127.6737 127.6189 127.5358 127.4843 127.4705 127.4717 127.4974 127.5275 127.5954 127.7368 127.9186 128.0735 128.1587 128.2176 128.2894 128.3545 128.3864 128.3842 128.3676 128.3445 128.3781 128.4291 128.5041 128.539 128.5525 128.5633 128.5611 128.5728 128.59
130.052 129.9925 129.8709 129.7309 129.6895 129.6587 129.6611 129.6507 129.5306 129.3779 129.3028 129.3348 129.423 129.5427 129.5546 129.4729 129.344 129.21 129.0218 128.8033 128.7155 128.6775 128.6342 128.5166 128.3591 128.3065 128.3342 128.2325 128.1787 128.1608 128.1882 128.1894 128.1777 128.1054 128.0308 127.9632 127.9128 127.7641 127.6924 127.8137 127.7949 127.788 127.7938 127.7162 127.75 127.9179 128.1185 128.2794 128.3713 128.4293 128.4753 128.5385 128.5716 128.578 128.5755 128.5594 128.5885 128.6414 128.7038 128.73 128.7412 128.7447 128.7428 128.7483 128.7511
130.0806 130.0183 129.9279 129.8398 129.8005 129.7885 129.7991 129.7833 129.6842 129.5803 129.5009 129.5075 129.5872 129.6714 129.7108 129.6478 129.5037 129.3573 129.1939 129.0499 129.0247 128.9667 128.8353 128.6845 128.5712 128.4592 128.3255 128.2754 128.2979 128.3374 128.3721 128.3813 128.3808 128.3121 128.2362 128.1672 128.123 127.9659 127.9943 128.1018 128.0683 128.0325 128.0673 127.9389 127.9234 128.0553 128.2369 128.4436 128.5591 128.5976 128.6539 128.7086 128.7621 128.7899 128.7858 128.7849 128.797 128.846 128.8814 128.914 128.9284 128.9304 128.9191 128.9114 128.9037
130.0884 130.041 129.9689 129.9191 129.9099 129.9038 129.9188 129.9021 129.8493 129.7596 129.6821 129.6681 129.721 129.7864 129.8164 129.7438 129.6082 129.459 129.3217 129.2405 129.2367 129.1967 128.965 128.8 128.7149 128.5875 128.4062 128.3875 128.4451 128.5092 128.5488 128.5822 128.5733 128.5195 128.4461 128.3606 128.3533 128.3192 128.3316 128.3557 128.2904 128.2806 128.3145 128.2056 128.1376 128.1103 128.2163 128.5564 128.7113 128.7602 128.8117 128.8911 128.947 128.9712 128.9698 128.9684 128.9779 129.0051 129.0389 129.0685 129.0683 129.0908 129.0725 129.0663 129.05
130.0863 130.0402 129.9998 129.9844 129.9964 130.012 130.021 130.0173 130.0076 129.9556 129.8618 129.8308 129.8603 129.8998 129.8933 129.8098 129.6977 129.5643 129.4643 129.4185 129.3924 129.2909 129.0038 128.7802 128.746 128.6686 128.5466 128.5369 128.6078 128.6714 128.7265 128.7641 128.7553 128.7003 128.6232 128.5612 128.5891 128.6876 128.6196 128.5338 128.4784 128.4756 128.4944 128.4131 128.3489 128.339 128.3301 128.563 128.8015 128.8763 128.9773 129.0559 129.1124 129.1395 129.1359 129.1342 129.1443 129.1617 129.1603 129.1895 129.2191 129.23 129.2235 129.2167 129.1973
130.087 130.0559 130.0467 130.0544 130.0875 130.1199 130.1272 130.1349 130.1483 130.1563 130.0374 129.9863 129.9977 130.0222 130.0019 129.9197 129.8035 129.6958 129.5938 129.5484 129.5218 129.4177 129.0163 128.703 128.684 128.7034 128.6954 128.7254 128.7712 128.8304 128.8944 128.9271 128.928 128.8958 128.817 128.7788 128.8783 128.9745 128.8449 128.7118 128.6579 128.6577 128.6732 128.6144 128.5939 128.5577 128.5454 128.6285 128.8168 129.0016 129.1346 129.2132 129.2659 129.2923 129.2921 129.2885 129.296 129.2951 129.298 129.324 129.3545 129.354 129.3817 129.3749 129.3364
130.1201 130.0876 130.1021 130.1237 130.1737 130.2095 130.2122 130.1942 130.2498 130.375 130.2524 130.1765 130.1632 130.18 130.1302 130.043 129.927 129.8035 129.7306 129.6867 129.6541 129.5201 129.0786 128.7162 128.6906 128.8033 128.8668 128.9181 128.9431 128.9972 129.0517 129.0857 129.0858 129.0777 129.0325 129.0384 129.1478 129.1581 129.0157 128.8896 128.8113 128.8122 128.8284 128.7834 128.7879 128.8127 128.7489 128.704 128.8903 129.1491 129.2726 129.3471 129.3955 129.4238 129.4265 129.4294 129.4336 129.4435 129.4408 129.459 129.4843 129.5 129.5227 129.5203 129.4783
130.1866 130.1599 130.1783 130.2233 130.2756 130.307 130.2958 130.2669 130.2923 130.4817 130.4708 130.3584 130.3389 130.3629 130.2803 130.178 130.0514 129.9387 129.8365 129.7902 129.7582 129.6197 129.2356 128.8721 128.8263 129.0001 129.0696 129.1027 129.1268 129.1629 129.1994 129.2368 129.2405 129.2372 129.2404 129.3076 129.3302 129.2887 129.1375 129.0203 128.9557 128.9806 128.9391 128.9002 128.9401 129.0094 128.9008 128.8486 129.0386 129.2935 129.4158 129.4789 129.5268 129.5572 129.5591 129.5605 129.5606 129.5775 129.5747 129.5934 129.6158 129.64 129.6524 129.6461 129.6057
130.2677 130.2703 130.2913 130.3202 130.3572 130.3962 130.4041 130.3426 130.3078 130.5345 130.5558 130.4691 130.4664 130.511 130.4471 130.3452 130.1779 130.0317 129.9356 129.9017 129.863 129.7306 129.4951 129.2862 129.1985 129.2644 129.3039 129.3159 129.3158 129.3268 129.3403 129.3801 129.3941 129.3963 129.4204 129.4659 129.456 129.3898 129.247 129.1299 129.1178 129.1446 129.0673 129.0049 129.0554 129.1746 129.1298 129.0847 129.2376 129.4386 129.5556 129.6158 129.6609 129.6885 129.6982 129.7086 129.7233 129.742 129.7371 129.7484 129.7557 129.7588 129.7775 129.7833 129.7312
130.4005 130.3892 130.4353 130.4016 130.4207 130.5103 130.5275 130.4511 130.4231 130.535 130.5902 130.537 130.4462 130.4259 130.4151 130.424 130.2231 130.0986 130.0344 129.99 129.939 129.8879 129.8256 129.7657 129.6106 129.5585 129.5275 129.514 129.4939 129.4776 129.4946 129.519 129.5458 129.5805 129.6169 129.5796 129.5349 129.4802 129.3657 129.3182 129.3589 129.345 129.2449 129.1566 129.2479 129.3623 129.369 129.3203 129.4149 129.5792 129.7024 129.7757 129.818 129.8316 129.8391 129.8518 129.8831 129.9075 129.9011 129.8828 129.8782 129.8672 129.8822 129.8843 129.8322
130.5371 130.5252 130.574 130.4088 130.4486 130.6235 130.6494 130.615 130.5835 130.6172 130.6601 130.5976 130.4681 130.3805 130.3407 130.3159 130.2109 130.1533 130.1237 130.0809 130.001 130.0126 130.0783 130.0962 129.9808 129.868 129.7931 129.7207 129.6794 129.6623 129.6703 129.6761 129.7157 129.8135 129.8783 129.7547 129.6734 129.6139 129.5228 129.5519 129.627 129.5972 129.5172 129.4667 129.5379 129.5583 129.5179 129.4799 129.5805 129.7374 129.8659 129.964 130.0048 130.0098 130.0025 130.0062 130.044 130.0737 130.0667 130.0225 130.007 129.9623 129.9004 129.8699 129.841
130.6902 130.6218 130.5841 130.3855 130.4793 130.7336 130.7882 130.751 130.7377 130.7456 130.7728 130.7571 130.6307 130.4018 130.2614 130.224 130.2246 130.2357 130.232 130.1635 130.064 130.078 130.2081 130.2636 130.2186 130.1242 130.0223 129.9181 129.8575 129.8209 129.8231 129.851 129.9006 130.0682 130.1383 129.9991 129.9041 129.7964 129.7635 129.8624 129.9025 129.8396 129.8033 129.8254 129.8248 129.7328 129.589 129.6485 129.7572 129.9122 130.0376 130.1503 130.2086 130.2012 130.1774 130.1336 130.2235 130.2474 130.2168 130.1581 130.1208 130.0486 129.91 129.8703 129.9027
130.827 130.6884 130.572 130.4089 130.5613 130.8297 130.9003 130.8891 130.873 130.8818 130.9453 130.9667 130.8981 130.5792 130.2771 130.2371 130.3241 130.3615 130.3529 130.2862 130.1445 130.1629 130.3136 130.3919 130.4 130.3228 130.2218 130.1011 130.0184 129.9912 130.0036 130.0666 130.1434 130.2932 130.3403 130.2564 130.2036 130.0818 130.0254 130.1515 130.1615 130.0285 129.9825 130.01 130.0194 129.877 129.7733 129.8371 129.9492 130.098 130.2243 130.3369 130.3967 130.3853 130.3401 130.2697 130.36 130.3664 130.3257 130.273 130.2301 130.1529 129.9804 129.8685 129.9524
130.9409 130.8081 130.6902 130.5442 130.6619 130.9015 130.993 130.9846 130.9926 131.0236 131.0927 131.1645 131.1148 130.818 130.4259 130.3938 130.4751 130.5099 130.4958 130.4275 130.3062 130.3558 130.5019 130.5448 130.551 130.4716 130.3659 130.2565 130.1711 130.1414 130.1637 130.2886 130.3988 130.4622 130.4713 130.4565 130.4322 130.2975 130.1745 130.2584 130.3022 130.1872 130.0616 130.0385 130.0799 130.0352 129.9938 130.0561 130.1713 130.2945 130.4122 130.515 130.5731 130.5418 130.5043 130.4004 130.4204 130.4537 130.4214 130.3862 130.3574 130.2752 130.0984 129.9574 130.0189
131.0888 130.9567 130.8209 130.6904 130.7704 130.9409 131.0396 131.0479 131.1042 131.1704 131.2566 131.3262 131.2685 131.0217 130.7036 130.6418 130.6536 130.6899 130.6508 130.5815 130.5001 130.6148 130.7052 130.692 130.6414 130.5641 130.4768 130.4016 130.3233 130.2678 130.3264 130.499 130.6065 130.6002 130.5912 130.5582 130.5676 130.4602 130.296 130.3055 130.4024 130.355 130.2195 130.0704 130.1225 130.2271 130.2327 130.2944 130.3912 130.4896 130.6006 130.651 130.6421 130.611 130.643 130.5547 130.5093 130.5102 130.507 130.5094 130.5018 130.4488 130.2925 130.1117 130.1072
131.1679 131.063 130.9148 130.8254 130.8691 130.9704 131.0587 131.1271 131.1938 131.2658 131.4096 131.4777 131.3929 131.1927 130.9609 130.8863 130.8875 130.8898 130.8466 130.7311 130.6926 130.7887 130.8523 130.8111 130.711 130.6532 130.6 130.5445 130.4654 130.3939 130.427 130.6845 130.8186 130.8028 130.7049 130.6088 130.6216 130.5814 130.4162 130.3628 130.4658 130.495 130.3672 130.1753 130.2602 130.4106 130.4555 130.5204 130.5986 130.6808 130.7628 130.7663 130.6628 130.6822 130.7614 130.7378 130.644 130.5703 130.6066 130.6364 130.6494 130.6276 130.5221 130.3096 130.2552
131.2353 131.1601 131.0437 130.9674 130.9491 130.9861 131.0712 131.1615 131.2648 131.3925 131.5688 131.6564 131.5364 131.3421 131.1667 131.1008 131.0814 131.0675 131.0091 130.9144 130.879 130.8975 130.9824 130.9034 130.8102 130.7807 130.7444 130.7002 130.641 130.5752 130.6483 130.9144 131.0387 131.0263 130.8298 130.6484 130.6774 130.7176 130.5747 130.4827 130.513 130.5328 130.5027 130.4561 130.4877 130.6153 130.6684 130.7325 130.795 130.8561 130.9106 130.9036 130.686 130.6736 130.8399 130.9123 130.8011 130.7008 130.7422 130.7733 130.7984 130.799 130.7146 130.4645 130.4446
131.2406 131.1777 131.1028 131.0345 130.9962 131.0032 131.0746 131.1556 131.3044 131.4736 131.787 131.8564 131.6169 131.4482 131.3421 131.2765 131.2625 131.2576 131.1917 131.0825 131.0574 131.0481 131.1727 131.0988 130.9995 130.9386 130.9071 130.8702 130.8307 130.8378 130.9724 131.1433 131.1655 131.1095 130.9432 130.7074 130.7673 130.9058 130.8139 130.675 130.6216 130.5723 130.65 130.707 130.7534 130.8232 130.8875 130.9494 130.9856 131.037 131.0448 131.0473 130.7224 130.6742 130.8627 130.9872 130.9432 130.8438 130.8799 130.9282 130.9378 130.9337 130.7836 130.5652 130.5939
131.2375 131.231 131.1841 131.0798 131.0096 131.0062 131.0393 131.1295 131.2266 131.526 131.8598 131.9335 131.6954 131.5485 131.483 131.4308 131.4221 131.4191 131.3532 131.2377 131.1684 131.2451 131.3857 131.2899 131.164 131.1081 131.0646 131.0471 131.0276 131.0804 131.2149 131.282 131.1933 131.1297 131.0254 130.8188 130.8918 131.0504 130.9516 130.8077 130.7341 130.6477 130.711 130.8573 130.955 131.0347 131.1115 131.1457 131.1928 131.2025 131.1822 131.1184 130.8294 130.7715 130.8917 130.9886 130.9772 130.9847 131.0536 131.0958 131.1035 131.0232 130.7558 130.6144 130.6523
131.2155 131.2341 131.1843 131.0782 131.0057 131.0066 131.0127 131.0759 131.1121 131.3173 131.7428 131.8503 131.7091 131.6109 131.5672 131.544 131.5486 131.5388 131.5093 131.3449 131.3131 131.4308 131.5461 131.4442 131.3313 131.3024 131.2667 131.2276 131.2384 131.2806 131.3882 131.3376 131.1991 131.1893 131.135 131.0024 131.0736 131.2075 131.09 130.9094 130.867 130.8132 130.8494 130.9888 131.1661 131.2615 131.3345 131.3357 131.3499 131.3648 131.3153 131.2066 130.9636 130.976 131.0693 131.0819 131.1022 131.1665 131.2113 131.2863 131.2803 131.1068 130.7958 130.7405 130.7314
131.198 131.2465 131.2232 131.1268 131.0016 131.0086 131.1069 131.3114 131.2124 131.2478 131.6029 131.71 131.7109 131.6702 131.6719 131.653 131.6696 131.6548 131.6284 131.495 131.4267 131.5523 131.6133 131.5531 131.4937 131.4718 131.4405 131.4345 131.4517 131.4653 131.523 131.4326 131.3163 131.3598 131.3542 131.3343 131.3892 131.3963 131.2206 130.9924 130.982 130.9844 131.008 131.1661 131.3248 131.4511 131.5223 131.5383 131.5286 131.5165 131.4503 131.2907 131.1729 131.2581 131.3146 131.2804 131.2719 131.3183 131.3742 131.457 131.447 131.215 130.9739 130.9087 130.8246
131.2159 131.2823 131.28 131.1724 130.9981 131.0483 131.3452 131.4411 131.1921 131.2559 131.5359 131.6569 131.7163 131.7209 131.7344 131.7626 131.8029 131.7807 131.736 131.6328 131.5849 131.7258 131.7398 131.6999 131.6565 131.6288 131.6147 131.6487 131.6508 131.6617 131.6312 131.5147 131.5696 131.6306 131.6241 131.6856 131.7155 131.6532 131.3806 131.14 131.1408 131.1657 131.237 131.3867 131.5499 131.6706 131.7399 131.7547 131.7418 131.7365 131.5642 131.4059 131.4119 131.4923 131.5571 131.5208 131.4545 131.4555 131.5207 131.5957 131.6289 131.3434 131.1262 131.0157 130.9511
131.2742 131.3461 131.3775 131.2661 131.0272 131.0599 131.4312 131.3392 131.2485 131.3162 131.5193 131.6514 131.7298 131.7841 131.8258 131.8681 131.9196 131.899 131.8659 131.7966 131.7603 131.8524 131.8513 131.8387 131.8215 131.7975 131.7793 131.8146 131.8532 131.8599 131.6813 131.6358 131.7896 131.8418 131.8315 131.929 131.97 131.8251 131.5598 131.3864 131.3986 131.4192 131.4766 131.5706 131.7406 131.8557 131.918 131.9326 131.9539 131.9524 131.6711 131.5668 131.6302 131.6694 131.7212 131.6965 131.627 131.6198 131.6588 131.6921 131.6467 131.3504 131.2183 131.1551 131.1353
131.2962 131.3474 131.4955 131.4197 131.154 131.257 131.5045 131.3873 131.3159 131.4366 131.5743 131.7016 131.7757 131.8442 131.9094 131.9714 132.0299 132.0173 131.993 131.9616 131.945 131.9949 131.9841 131.9825 131.9721 131.9527 131.9385 131.9699 132.0539 132.0812 131.8386 131.7718 131.9494 131.9976 131.9562 132.0381 132.0929 131.9693 131.7403 131.6852 131.6878 131.6885 131.7282 131.7989 131.9163 132.0202 132.0862 132.0856 132.0729 132.0102 131.7682 131.722 131.7789 131.7729 131.7738 131.8045 131.7504 131.7455 131.7465 131.7401 131.6017 131.3708 131.3772 131.365 131.3536
131.3444 131.317 131.5138 131.5916 131.4152 131.5143 131.6195 131.5181 131.473 131.537 131.6583 131.7728 131.8477 131.9194 132.0119 132.105 132.1493 132.1445 132.1238 132.11 132.0973 132.1014 132.0949 132.093 132.082 132.0621 132.0396 132.0713 132.2154 132.2411 131.9779 131.8872 132.0636 132.0709 131.9764 132.059 132.1569 132.0786 131.9312 131.9109 131.915 131.916 131.9186 131.9919 132.0698 132.1403 132.2074 132.2059 132.1349 132.0093 131.8034 131.8011 131.8895 131.8947 131.8376 131.9027 131.856 131.847 131.8372 131.8185 131.6743 131.5517 131.5599 131.5452 131.5132
131.4503 131.3049 131.4483 131.8087 131.7221 131.7382 131.7135 131.6369 131.5979 131.6451 131.7575 131.8821 131.963 132.0129 132.136 132.2613 132.2983 132.2829 132.2625 132.2441 132.2375 132.2406 132.2343 132.2297 132.225 132.1965 132.0888 132.0734 132.3057 132.377 132.1765 132.0371 132.1033 132.1289 132.0729 132.1123 132.2396 132.2134 132.1287 132.1235 132.1273 132.1284 132.1259 132.1578 132.1908 132.2519 132.3099 132.3086 132.2388 132.1121 131.9603 131.9265 131.9994 132.0052 131.9384 131.9626 131.9219 131.9075 131.8994 131.8991 131.8419 131.8039 131.7925 131.7552 131.6564
131.7094 131.5218 131.5547 131.8816 131.8557 131.8452 131.8004 131.7382 131.7082 131.7481 131.8684 132.0266 132.1358 132.1564 132.2938 132.4327 132.4534 132.4142 132.3911 132.3795 132.3664 132.3696 132.3629 132.3658 132.3606 132.3366 132.2194 132.1929 132.3704 132.4869 132.3995 132.2179 132.1527 132.1863 132.1751 132.209 132.2951 132.2977 132.3072 132.3252 132.3391 132.3385 132.3272 132.3195 132.3305 132.3569 132.3876 132.4041 132.3649 132.2608 132.1458 132.0871 132.1046 132.105 132.0422 132.0206 132.0047 131.9745 131.9524 131.9613 132.0258 132.0147 131.9743 131.8977 131.7981
